1.035299e-02
1.009253e-02
9.991334e-03
1.019720e-02
1.025204e-02
1.034546e-02
1.034625e-02
1.022898e-02
1.031011e-02
1.061766e-02
1.035098e-02
1.013316e-02
1.022008e-02
1.034148e-02
1.052485e-02
1.048626e-02
1.098840e-02
1.056789e-02
1.027130e-02
1.032016e-02
1.047089e-02
1.053095e-02
1.039664e-02
1.052620e-02
1.062031e-02
1.061955e-02
1.084137e-02
1.115796e-02
1.047799e-02
1.102795e-02
1.075140e-02
1.070803e-02
1.050999e-02
1.072162e-02
1.088929e-02
1.103664e-02
1.085343e-02
1.098301e-02
1.079606e-02
1.085323e-02
1.085839e-02
1.077126e-02
1.084611e-02
1.118672e-02
1.103929e-02
1.103526e-02
1.113274e-02
1.108801e-02
1.091530e-02
1.161697e-02
1.127083e-02
1.113675e-02
1.148635e-02
1.190297e-02
1.169296e-02
1.122738e-02
1.147865e-02
1.110254e-02
1.127415e-02
1.136423e-02
1.149301e-02
1.154776e-02
1.134410e-02
1.112497e-02
1.154155e-02
1.154218e-02
1.179649e-02
1.171433e-02
1.177928e-02
1.144056e-02
1.191320e-02
1.219287e-02
1.172001e-02
1.184125e-02
1.198968e-02
1.207266e-02
1.160310e-02
1.235210e-02
