4.370538e-14
4.477259e-14
4.279327e-14
4.433443e-14
4.464755e-14
4.393661e-14
4.339086e-14
4.267490e-14
4.253616e-14
4.429936e-14
4.427290e-14
4.160433e-14
4.442842e-14
4.352028e-14
4.283894e-14
4.378162e-14
4.409396e-14
4.390584e-14
4.167926e-14
4.332427e-14
4.260179e-14
4.433328e-14
4.362852e-14
4.424505e-14
4.475387e-14
4.356867e-14
4.512092e-14
4.442726e-14
4.531705e-14
4.379441e-14
4.433111e-14
4.429317e-14
4.560029e-14
4.640288e-14
4.475701e-14
4.349239e-14
4.335953e-14
4.316322e-14
4.447504e-14
4.269701e-14
4.569635e-14
4.621776e-14
4.405956e-14
4.476977e-14
4.504652e-14
4.439522e-14
4.649891e-14
4.405258e-14
4.615248e-14
4.542611e-14
4.479756e-14
4.557943e-14
4.431236e-14
4.409564e-14
4.360701e-14
4.596115e-14
4.521081e-14
4.507675e-14
4.625805e-14
4.446620e-14
4.476491e-14
4.594826e-14
4.461778e-14
4.615640e-14
4.487330e-14
4.606338e-14
4.678779e-14
4.608179e-14
4.499363e-14
4.576079e-14
4.664564e-14
4.722816e-14
4.633315e-14
4.528798e-14
4.724427e-14
4.695058e-14
4.511396e-14
4.652034e-14
4.661380e-14
2.615113e-14
