1.076810e-02
1.080486e-02
1.083000e-02
1.073510e-02
1.096320e-02
1.082044e-02
1.092426e-02
1.111220e-02
1.093639e-02
1.097155e-02
1.077185e-02
1.084125e-02
1.103393e-02
1.103195e-02
1.117271e-02
1.094271e-02
1.102249e-02
1.127629e-02
1.145910e-02
1.143142e-02
1.173251e-02
1.171341e-02
1.158987e-02
1.139611e-02
1.141530e-02
1.124530e-02
1.131620e-02
1.126146e-02
1.120054e-02
1.139626e-02
1.133260e-02
1.149148e-02
1.159661e-02
1.144979e-02
1.154365e-02
1.146341e-02
1.144638e-02
1.168047e-02
1.157343e-02
1.177456e-02
1.151217e-02
1.160336e-02
1.170145e-02
1.169277e-02
1.178968e-02
1.169762e-02
1.154108e-02
1.168808e-02
1.188263e-02
1.175338e-02
1.192775e-02
1.166982e-02
1.169931e-02
1.167416e-02
1.194382e-02
1.196678e-02
1.170588e-02
1.189795e-02
1.204346e-02
1.191634e-02
1.207009e-02
1.186529e-02
1.210897e-02
1.229813e-02
1.218727e-02
1.204731e-02
1.201258e-02
1.220689e-02
1.218641e-02
1.204323e-02
1.230075e-02
1.227999e-02
1.219722e-02
1.237380e-02
1.215938e-02
1.229926e-02
1.233886e-02
1.203987e-02
