# Configuracion:
# Concentracion g/m^3_=_10000.0
# C_Vs_to_Am_M_A/Vsm_=_237624902134.5593
# pendiente_HvsI_1/m_=_3716.3
# ordenada_HvsI_A/m_=_1297.0
# frecuencia_ref_Hz_=_302214.57109037676
# 
Resultados:
# tau_s_=_(1.84+/-1.98)e+00
# dphi_rad_=_6.29+/-0.00
# SAR_W/g_=_15.19+/-16.37
# Hc_kA/m_=_0.25+/-0.16
# Mr_A/m_=_2.79+/-1.83
# Suceptibilidad_a_M=0_=_0.0049+/-0.0055
Nombre_archivo	Time_m_(s)	Temperatura_(ºC)	Mr_(A/m)	Hc_(kA/m)	Campo_max_(A/m)	Mag_max_(A/m)	f0	mag0	dphi0	SAR_(W/g)	Tau_(ns)	N	xi_M_0
300kHz_150dA_100Mss_bobN1Pmag0010.txt		20.00	2.65	0.25	57041.50	617.84	3.021800e+05	1.146901e+01	6.287328e+00	17.47	2.181456	4633	0.000e+00
300kHz_150dA_100Mss_bobN1Pmag0011.txt		20.00	4.09	0.37	57041.50	637.52	3.021800e+05	1.183428e+01	6.289445e+00	27.23	3.296448	4633	0.000e+00
300kHz_150dA_100Mss_bobN1Pmag0012.txt		20.00	2.10	0.19	57041.50	620.10	3.021800e+05	1.151071e+01	6.286446e+00	13.80	1.717388	4633	1.082e-02
300kHz_150dA_100Mss_bobN1Pmag0013.txt		20.00	4.56	0.43	57041.50	613.73	3.021800e+05	1.139285e+01	6.290487e+00	30.58	3.845135	4633	0.000e+00
300kHz_150dA_100Mss_bobN1Pmag0014.txt		20.00	0.22	0.02	57041.50	632.57	3.021800e+05	1.174203e+01	6.282864e+00	-1.39	-0.169357	4633	1.104e-02
300kHz_150dA_100Mss_bobN1Pmag0015.txt		20.00	0.78	0.07	57041.50	629.24	3.021800e+05	1.168022e+01	6.284305e+00	4.81	0.589908	4633	1.098e-02
300kHz_150dA_100Mss_bobN1Pmag0016.txt		20.00	2.05	0.19	57041.50	627.99	3.021800e+05	1.165712e+01	6.286320e+00	13.44	1.651096	4633	0.000e+00
300kHz_150dA_100Mss_bobN1Pmag0017.txt		20.00	2.92	0.27	57041.50	622.42	3.021800e+05	1.155380e+01	6.278350e+00	-20.54	-2.546352	4633	1.087e-02
300kHz_150dA_100Mss_bobN1Pmag0018.txt		20.00	0.23	0.02	57041.50	616.12	3.021800e+05	1.143668e+01	6.282984e+00	-0.85	-0.106220	4633	1.076e-02
300kHz_150dA_100Mss_bobN1Pmag0019.txt		20.00	2.62	0.24	57041.50	622.85	3.021800e+05	1.156178e+01	6.287274e+00	17.38	2.153039	4633	0.000e+00
300kHz_150dA_100Mss_bobN1Pmag0020.txt		20.00	6.19	0.55	57041.50	639.30	3.021800e+05	1.186737e+01	6.292711e+00	41.56	5.016627	4633	0.000e+00
300kHz_150dA_100Mss_bobN1Pmag0021.txt		20.00	3.84	0.35	57041.50	629.56	3.021800e+05	1.168651e+01	6.289137e+00	25.57	3.134596	4633	0.000e+00
300kHz_150dA_100Mss_bobN1Pmag0022.txt		20.00	1.88	0.17	57041.50	628.17	3.021800e+05	1.166062e+01	6.286053e+00	12.29	1.510275	4633	0.000e+00
300kHz_150dA_100Mss_bobN1Pmag0023.txt		20.00	2.10	0.19	57041.50	631.84	3.021800e+05	1.172867e+01	6.286361e+00	13.70	1.672629	4633	0.000e+00
300kHz_150dA_100Mss_bobN1Pmag0024.txt		20.00	0.87	0.08	57041.50	617.21	3.021800e+05	1.145695e+01	6.284476e+00	5.43	0.679511	4633	1.078e-02
300kHz_150dA_100Mss_bobN1Pmag0025.txt		20.00	2.23	0.20	57041.50	635.04	3.021800e+05	1.178794e+01	6.286559e+00	14.62	1.776479	4633	0.000e+00
300kHz_150dA_100Mss_bobN1Pmag0026.txt		20.00	2.43	0.22	57041.50	631.04	3.021800e+05	1.171361e+01	6.279211e+00	-17.12	-2.093039	4633	1.102e-02
300kHz_150dA_100Mss_bobN1Pmag0027.txt		20.00	2.17	0.20	57041.50	622.90	3.021800e+05	1.156262e+01	6.286512e+00	14.14	1.752225	4633	0.000e+00
300kHz_150dA_100Mss_bobN1Pmag0028.txt		20.00	3.65	0.34	57041.50	618.16	3.021800e+05	1.147503e+01	6.288938e+00	24.27	3.029478	4633	0.000e+00
300kHz_150dA_100Mss_bobN1Pmag0029.txt		20.00	4.94	0.45	57041.50	630.32	3.021800e+05	1.170066e+01	6.290864e+00	33.03	4.043692	4633	0.000e+00
300kHz_150dA_100Mss_bobN1Pmag0030.txt		20.00	1.26	0.12	57041.50	623.60	3.021800e+05	1.157563e+01	6.285083e+00	8.08	0.999615	4633	1.089e-02
300kHz_150dA_100Mss_bobN1Pmag0031.txt		20.00	4.87	0.45	57041.50	624.64	3.021800e+05	1.159510e+01	6.290836e+00	32.62	4.029493	4633	0.000e+00
300kHz_150dA_100Mss_bobN1Pmag0032.txt		20.00	0.70	0.06	57041.50	635.39	3.021800e+05	1.179446e+01	6.284133e+00	4.11	0.499298	4633	1.110e-02
300kHz_150dA_100Mss_bobN1Pmag0033.txt		20.00	5.40	0.50	57041.50	616.25	3.021800e+05	1.143922e+01	6.291807e+00	36.26	4.540370	4633	0.000e+00
300kHz_150dA_100Mss_bobN1Pmag0034.txt		20.00	3.62	0.33	57041.50	620.64	3.021800e+05	1.152074e+01	6.288867e+00	24.06	2.992068	4633	0.000e+00
300kHz_150dA_100Mss_bobN1Pmag0035.txt		20.00	0.21	0.02	57041.50	630.59	3.021800e+05	1.170528e+01	6.283208e+00	0.10	0.012121	4633	1.101e-02
300kHz_150dA_100Mss_bobN1Pmag0036.txt		20.00	1.96	0.17	57041.50	643.47	3.021800e+05	1.194427e+01	6.280002e+00	-13.98	-1.676638	4633	1.123e-02
300kHz_150dA_100Mss_bobN1Pmag0037.txt		20.00	3.50	0.31	57041.50	637.33	3.021800e+05	1.183042e+01	6.277571e+00	-24.42	-2.956534	4633	1.113e-02
300kHz_150dA_100Mss_bobN1Pmag0038.txt		20.00	0.72	0.07	57041.50	627.29	3.021800e+05	1.164389e+01	6.281906e+00	-5.48	-0.673639	4633	1.095e-02
300kHz_150dA_100Mss_bobN1Pmag0039.txt		20.00	5.30	0.48	57041.50	633.87	3.021800e+05	1.176649e+01	6.291402e+00	35.55	4.327416	4633	0.000e+00
300kHz_150dA_100Mss_bobN1Pmag0040.txt		20.00	1.39	0.13	57041.50	630.28	3.021800e+05	1.169960e+01	6.285249e+00	8.88	1.087078	4633	1.101e-02
300kHz_150dA_100Mss_bobN1Pmag0041.txt		20.00	6.07	0.55	57041.50	627.68	3.021800e+05	1.165173e+01	6.292706e+00	40.78	5.014113	4633	0.000e+00
300kHz_150dA_100Mss_bobN1Pmag0042.txt		20.00	0.24	0.02	57041.50	632.71	3.021800e+05	1.174470e+01	6.283120e+00	-0.28	-0.034442	4633	1.105e-02
300kHz_150dA_100Mss_bobN1Pmag0043.txt		20.00	0.23	0.02	57041.50	640.77	3.021800e+05	1.189429e+01	6.283382e+00	0.86	0.103497	4633	1.118e-02
300kHz_150dA_100Mss_bobN1Pmag0044.txt		20.00	0.52	0.05	57041.50	630.00	3.021800e+05	1.169424e+01	6.282206e+00	-4.21	-0.515901	4633	1.101e-02
300kHz_150dA_100Mss_bobN1Pmag0045.txt		20.00	0.51	0.05	57041.50	636.57	3.021800e+05	1.181633e+01	6.283835e+00	2.82	0.342397	4633	1.112e-02
300kHz_150dA_100Mss_bobN1Pmag0046.txt		20.00	3.19	0.29	57041.50	635.83	3.021800e+05	1.180269e+01	6.288053e+00	21.12	2.563280	4633	0.000e+00
300kHz_150dA_100Mss_bobN1Pmag0047.txt		20.00	3.62	0.32	57041.50	641.82	3.021800e+05	1.191391e+01	6.288680e+00	24.07	2.893830	4633	0.000e+00
300kHz_150dA_100Mss_bobN1Pmag0048.txt		20.00	2.28	0.20	57041.50	639.07	3.021800e+05	1.186298e+01	6.286636e+00	15.05	1.817369	4633	0.000e+00
300kHz_150dA_100Mss_bobN1Pmag0049.txt		20.00	3.81	0.35	57041.50	627.28	3.021800e+05	1.164438e+01	6.289123e+00	25.42	3.126961	4633	0.000e+00
300kHz_150dA_100Mss_bobN1Pmag0050.txt		20.00	6.01	0.55	57041.50	631.20	3.021800e+05	1.171702e+01	6.292573e+00	40.44	4.944235	4633	0.000e+00
300kHz_150dA_100Mss_bobN1Pmag0051.txt		20.00	2.28	0.21	57041.50	632.90	3.021800e+05	1.174823e+01	6.286659e+00	15.00	1.829236	4633	0.000e+00
300kHz_150dA_100Mss_bobN1Pmag0052.txt		20.00	4.09	0.37	57041.50	635.00	3.021800e+05	1.178744e+01	6.289495e+00	27.34	3.322940	4633	0.000e+00
300kHz_150dA_100Mss_bobN1Pmag0053.txt		20.00	4.82	0.43	57041.50	641.50	3.022453e+05	1.190534e+01	6.290519e+00	32.10	3.862044	4632	1.120e-02
300kHz_150dA_100Mss_bobN1Pmag0054.txt		20.00	0.77	0.07	57041.50	638.85	3.022453e+05	1.185597e+01	6.284188e+00	4.37	0.528214	4632	1.115e-02
300kHz_150dA_100Mss_bobN1Pmag0055.txt		20.00	3.68	0.33	57041.50	644.89	3.022453e+05	1.196821e+01	6.288713e+00	24.33	2.911229	4632	1.126e-02
300kHz_150dA_100Mss_bobN1Pmag0056.txt		20.00	3.95	0.36	57041.50	621.10	3.022453e+05	1.152684e+01	6.289365e+00	26.20	3.254604	4632	0.000e+00
300kHz_150dA_100Mss_bobN1Pmag0057.txt		20.00	1.48	0.14	57041.50	622.03	3.021800e+05	1.154651e+01	6.285447e+00	9.60	1.191071	4633	1.085e-02
300kHz_150dA_100Mss_bobN1Pmag0058.txt		20.00	0.93	0.09	57041.50	619.38	3.021800e+05	1.149725e+01	6.281538e+00	-6.96	-0.867324	4633	1.081e-02
300kHz_150dA_100Mss_bobN1Pmag0059.txt		20.00	0.26	0.02	57041.50	613.72	3.021800e+05	1.139219e+01	6.282630e+00	-2.33	-0.292419	4633	1.071e-02
300kHz_150dA_100Mss_bobN1Pmag0060.txt		20.00	2.14	0.20	57041.50	619.53	3.021800e+05	1.150015e+01	6.286492e+00	13.98	1.741518	4633	1.082e-02
300kHz_150dA_100Mss_bobN1Pmag0061.txt		20.00	0.76	0.07	57041.50	619.35	3.021800e+05	1.149666e+01	6.281847e+00	-5.65	-0.704576	4633	1.081e-02
300kHz_150dA_100Mss_bobN1Pmag0062.txt		20.00	0.77	0.07	57041.50	615.32	3.022453e+05	1.141924e+01	6.284242e+00	4.44	0.556512	4632	1.074e-02
300kHz_150dA_100Mss_bobN1Pmag0063.txt		20.00	0.90	0.08	57041.50	619.57	3.021800e+05	1.150071e+01	6.284512e+00	5.61	0.698524	4633	1.082e-02
300kHz_150dA_100Mss_bobN1Pmag0064.txt		20.00	3.83	0.36	57041.50	615.91	3.021800e+05	1.143307e+01	6.289270e+00	25.58	3.204601	4633	0.000e+00
300kHz_150dA_100Mss_bobN1Pmag0065.txt		20.00	0.31	0.03	57041.50	631.18	3.021800e+05	1.171623e+01	6.282562e+00	-2.68	-0.328253	4633	1.102e-02
300kHz_150dA_100Mss_bobN1Pmag0066.txt		20.00	4.00	0.37	57041.50	624.60	3.021800e+05	1.159435e+01	6.289474e+00	26.81	3.312106	4633	0.000e+00
300kHz_150dA_100Mss_bobN1Pmag0067.txt		20.00	3.33	0.30	57041.50	643.94	3.021800e+05	1.195332e+01	6.288224e+00	22.14	2.653717	4633	0.000e+00
300kHz_150dA_100Mss_bobN1Pmag0068.txt		20.00	0.93	0.08	57041.50	635.59	3.021800e+05	1.179827e+01	6.284530e+00	5.83	0.708076	4633	0.000e+00
300kHz_150dA_100Mss_bobN1Pmag0069.txt		20.00	4.51	0.41	57041.50	629.67	3.021800e+05	1.168841e+01	6.290194e+00	30.12	3.690985	4633	0.000e+00
300kHz_150dA_100Mss_bobN1Pmag0070.txt		20.00	1.56	0.14	57041.50	641.36	3.021800e+05	1.190519e+01	6.280615e+00	-11.25	-1.353623	4633	1.120e-02
300kHz_150dA_100Mss_bobN1Pmag0071.txt		20.00	6.61	0.59	57041.50	637.44	3.021800e+05	1.183271e+01	6.293410e+00	44.48	5.385118	4633	0.000e+00
300kHz_150dA_100Mss_bobN1Pmag0072.txt		20.00	2.20	0.20	57041.50	642.42	3.021800e+05	1.192511e+01	6.286461e+00	14.36	1.725288	4633	0.000e+00
300kHz_150dA_100Mss_bobN1Pmag0073.txt		20.00	3.51	0.31	57041.50	647.15	3.021800e+05	1.201301e+01	6.288468e+00	23.33	2.781892	4633	0.000e+00
300kHz_150dA_100Mss_bobN1Pmag0074.txt		20.00	1.29	0.11	57041.50	647.69	3.021800e+05	1.202261e+01	6.285054e+00	8.26	0.983871	4633	1.131e-02
300kHz_150dA_100Mss_bobN1Pmag0075.txt		20.00	1.79	0.16	57041.50	654.38	3.021800e+05	1.214687e+01	6.285791e+00	11.64	1.372452	4633	1.142e-02
300kHz_150dA_100Mss_bobN1Pmag0076.txt		20.00	5.59	0.50	57041.50	642.78	3.021800e+05	1.193200e+01	6.291749e+00	37.57	4.510017	4633	0.000e+00
300kHz_150dA_100Mss_bobN1Pmag0077.txt		20.00	4.49	0.40	57041.50	645.24	3.021800e+05	1.197769e+01	6.290011e+00	30.06	3.594884	4633	0.000e+00
300kHz_150dA_100Mss_bobN1Pmag0078.txt		20.00	1.88	0.16	57041.50	662.06	3.021800e+05	1.228959e+01	6.285880e+00	12.18	1.419175	4633	1.155e-02
300kHz_150dA_100Mss_bobN1Pmag0079.txt		20.00	4.88	0.42	57041.50	660.40	3.021800e+05	1.225909e+01	6.290438e+00	32.69	3.819847	4633	0.000e+00
300kHz_150dA_100Mss_bobN1Pmag0080.txt		20.00	7.72	0.68	57041.50	653.63	3.021800e+05	1.213313e+01	6.294873e+00	52.13	6.155451	4633	0.000e+00
300kHz_150dA_100Mss_bobN1Pmag0081.txt		20.00	5.30	0.47	57041.50	653.00	3.021800e+05	1.212153e+01	6.291165e+00	35.56	4.202707	4633	0.000e+00
300kHz_150dA_100Mss_bobN1Pmag0082.txt		20.00	5.13	0.45	57041.50	650.85	3.021800e+05	1.208163e+01	6.290920e+00	34.35	4.073184	4633	0.000e+00
300kHz_150dA_100Mss_bobN1Pmag0083.txt		20.00	3.72	0.32	57041.50	665.26	3.021800e+05	1.234932e+01	6.288629e+00	24.72	2.866924	4633	0.000e+00
300kHz_150dA_100Mss_bobN1Pmag0084.txt		20.00	3.81	0.32	57041.50	674.26	3.021800e+05	1.251627e+01	6.288726e+00	25.50	2.918222	4633	0.000e+00
300kHz_150dA_100Mss_bobN1Pmag0085.txt		20.00	3.56	0.30	57041.50	676.01	3.021800e+05	1.254853e+01	6.288317e+00	23.68	2.702648	4633	0.000e+00
300kHz_150dA_100Mss_bobN1Pmag0086.txt		20.00	3.29	0.29	57041.50	660.10	3.021800e+05	1.225333e+01	6.288024e+00	21.80	2.548361	4633	0.000e+00
300kHz_150dA_100Mss_bobN1Pmag0087.txt		20.00	1.18	0.10	57041.50	663.92	3.021800e+05	1.232394e+01	6.281253e+00	-8.76	-1.017654	4633	1.159e-02
300kHz_150dA_100Mss_bobN1Pmag0088.txt		20.00	1.26	0.12	57041.50	584.36	3.021800e+05	1.084702e+01	6.280884e+00	-9.18	-1.211702	4633	1.019e-02
