1.081393e-02
1.115884e-02
1.085295e-02
1.074158e-02
1.107169e-02
1.101302e-02
1.099113e-02
1.089337e-02
1.078350e-02
1.090155e-02
1.118907e-02
1.101881e-02
1.099451e-02
1.105857e-02
1.080226e-02
1.111421e-02
1.104460e-02
1.090201e-02
1.081974e-02
1.103194e-02
1.091432e-02
1.093309e-02
1.112076e-02
1.078512e-02
1.086226e-02
1.103598e-02
1.126148e-02
1.115476e-02
1.097840e-02
1.109397e-02
1.103132e-02
1.098570e-02
1.107346e-02
1.121478e-02
1.102656e-02
1.114157e-02
1.112867e-02
1.123348e-02
1.118562e-02
1.097893e-02
1.104722e-02
1.107715e-02
1.111328e-02
1.122571e-02
1.118049e-02
1.128568e-02
1.086972e-02
1.088676e-02
1.084047e-02
1.074137e-02
1.084318e-02
1.083989e-02
1.076794e-02
1.084393e-02
1.077969e-02
1.104681e-02
1.093202e-02
1.127009e-02
1.112406e-02
1.102086e-02
1.122562e-02
1.115623e-02
1.124414e-02
1.132661e-02
1.133623e-02
1.145270e-02
1.125030e-02
1.129300e-02
1.158706e-02
1.155857e-02
1.143932e-02
1.142885e-02
1.139086e-02
1.164360e-02
1.180088e-02
1.183136e-02
1.155270e-02
1.161986e-02
1.022713e-02
