1.040764e-02
1.088142e-02
1.022495e-02
1.034394e-02
1.030876e-02
1.031009e-02
1.048494e-02
1.038715e-02
1.024449e-02
1.059016e-02
1.050874e-02
1.015876e-02
1.032355e-02
1.021364e-02
1.020627e-02
1.033473e-02
1.049189e-02
1.034472e-02
1.037459e-02
1.034183e-02
1.034884e-02
1.031707e-02
1.053661e-02
1.022880e-02
1.026806e-02
1.027473e-02
1.051510e-02
1.051703e-02
1.082371e-02
1.052915e-02
1.051478e-02
1.092253e-02
1.039044e-02
1.051923e-02
1.059495e-02
1.051096e-02
1.039995e-02
1.035774e-02
1.050191e-02
1.048174e-02
1.036014e-02
1.028260e-02
1.033625e-02
1.051104e-02
1.027185e-02
1.073306e-02
1.052240e-02
1.050375e-02
1.041053e-02
1.061877e-02
1.049529e-02
1.051749e-02
1.065859e-02
1.051142e-02
1.035535e-02
1.040831e-02
1.054709e-02
1.049982e-02
1.055453e-02
1.040909e-02
1.056706e-02
1.034663e-02
1.033633e-02
1.053151e-02
1.052956e-02
1.060296e-02
1.044496e-02
1.039751e-02
1.037725e-02
1.052024e-02
1.055180e-02
1.085134e-02
1.086072e-02
1.054396e-02
1.065370e-02
1.050645e-02
1.045533e-02
1.045283e-02
1.057631e-02
1.080733e-02
