4.569274e-14
4.582485e-14
4.564090e-14
4.638120e-14
4.542977e-14
4.616556e-14
4.597195e-14
4.634403e-14
4.621924e-14
4.628739e-14
4.573357e-14
4.523907e-14
4.712404e-14
4.543916e-14
4.652226e-14
4.573558e-14
4.607207e-14
4.619743e-14
4.624955e-14
4.641767e-14
4.583390e-14
4.642073e-14
4.586346e-14
4.631746e-14
4.627090e-14
4.638539e-14
4.628377e-14
4.683047e-14
4.533783e-14
4.622355e-14
4.628035e-14
4.637603e-14
4.756602e-14
4.784973e-14
4.682042e-14
4.689067e-14
4.656367e-14
4.608040e-14
4.645077e-14
4.630601e-14
4.646340e-14
4.665481e-14
4.657688e-14
4.726950e-14
4.742005e-14
4.659217e-14
4.788698e-14
4.670276e-14
4.703919e-14
4.732888e-14
4.768174e-14
4.686468e-14
4.683535e-14
4.881069e-14
4.817834e-14
4.771867e-14
4.713272e-14
4.820256e-14
4.795051e-14
4.801981e-14
4.781170e-14
4.740352e-14
4.688503e-14
4.848417e-14
4.798221e-14
4.811594e-14
4.841554e-14
4.832707e-14
4.742650e-14
4.879763e-14
4.792376e-14
4.790042e-14
4.811581e-14
4.818477e-14
4.864428e-14
4.883320e-14
4.802885e-14
4.795086e-14
8.637916e-15
4.096261e-15
