4.379861e-14
4.579241e-14
4.302977e-14
4.353055e-14
4.338248e-14
4.338810e-14
4.412391e-14
4.371237e-14
4.311203e-14
4.456672e-14
4.422405e-14
4.275122e-14
4.344475e-14
4.298219e-14
4.295119e-14
4.349180e-14
4.415316e-14
4.353382e-14
4.365954e-14
4.352164e-14
4.355116e-14
4.341747e-14
4.434137e-14
4.304599e-14
4.321120e-14
4.323930e-14
4.425082e-14
4.425894e-14
4.554957e-14
4.430998e-14
4.424949e-14
4.596545e-14
4.372622e-14
4.426820e-14
4.458689e-14
4.423340e-14
4.376623e-14
4.358863e-14
4.419531e-14
4.411046e-14
4.359870e-14
4.327242e-14
4.349819e-14
4.423374e-14
4.322718e-14
4.516809e-14
4.428154e-14
4.420307e-14
4.381077e-14
4.468713e-14
4.416746e-14
4.426088e-14
4.485468e-14
4.423534e-14
4.357856e-14
4.380141e-14
4.438545e-14
4.418653e-14
4.441675e-14
4.380472e-14
4.446951e-14
4.354184e-14
4.349851e-14
4.431989e-14
4.431167e-14
4.462058e-14
4.395566e-14
4.375596e-14
4.367071e-14
4.427246e-14
4.440527e-14
4.566584e-14
4.570530e-14
4.437228e-14
4.483412e-14
4.421445e-14
4.399930e-14
4.398877e-14
4.450840e-14
4.548064e-14
