1.053656e-02
1.060209e-02
1.074877e-02
1.056633e-02
1.041721e-02
1.072048e-02
1.081165e-02
1.056726e-02
1.049063e-02
1.079550e-02
1.079289e-02
1.090034e-02
1.074401e-02
1.050565e-02
1.046600e-02
1.107014e-02
1.078571e-02
1.056715e-02
1.060188e-02
1.068795e-02
1.081662e-02
1.107713e-02
1.064654e-02
1.074796e-02
1.075616e-02
1.105131e-02
1.164973e-02
1.119412e-02
1.102206e-02
1.097041e-02
1.121213e-02
1.107187e-02
1.107467e-02
1.113747e-02
1.100971e-02
1.123232e-02
1.128866e-02
1.119441e-02
1.120377e-02
1.117294e-02
1.133317e-02
1.127603e-02
1.144129e-02
1.156022e-02
1.139658e-02
1.165623e-02
1.152068e-02
1.157200e-02
1.154324e-02
1.177737e-02
1.179858e-02
1.162182e-02
1.161780e-02
1.156476e-02
1.190364e-02
1.244911e-02
1.196666e-02
1.171961e-02
1.197815e-02
1.183176e-02
1.193006e-02
1.188430e-02
1.208626e-02
1.205683e-02
1.201195e-02
1.199684e-02
1.225108e-02
1.181379e-02
1.210492e-02
1.221641e-02
1.210043e-02
1.208142e-02
1.242595e-02
1.235379e-02
1.244899e-02
1.227966e-02
1.209961e-02
1.217942e-02
1.242481e-02
1.233600e-02
