1.085773e-02
1.088913e-02
1.084541e-02
1.102133e-02
1.079524e-02
1.097009e-02
1.092408e-02
1.101249e-02
1.098284e-02
1.099904e-02
1.086744e-02
1.074993e-02
1.119785e-02
1.079748e-02
1.105485e-02
1.086791e-02
1.094787e-02
1.097766e-02
1.099004e-02
1.102999e-02
1.089128e-02
1.103072e-02
1.089830e-02
1.100618e-02
1.099512e-02
1.102233e-02
1.099818e-02
1.112809e-02
1.077340e-02
1.098387e-02
1.099736e-02
1.102010e-02
1.130287e-02
1.137029e-02
1.112570e-02
1.114239e-02
1.106469e-02
1.094985e-02
1.103786e-02
1.100346e-02
1.104086e-02
1.108635e-02
1.106783e-02
1.123241e-02
1.126818e-02
1.107146e-02
1.137914e-02
1.109774e-02
1.117768e-02
1.124652e-02
1.133037e-02
1.113622e-02
1.112924e-02
1.159863e-02
1.144837e-02
1.133914e-02
1.119991e-02
1.145413e-02
1.139424e-02
1.141070e-02
1.136125e-02
1.126426e-02
1.114105e-02
1.152105e-02
1.140177e-02
1.143355e-02
1.150474e-02
1.148372e-02
1.126972e-02
1.159553e-02
1.138787e-02
1.138233e-02
1.143351e-02
1.144990e-02
1.155909e-02
1.160398e-02
1.141285e-02
1.139432e-02
