1.044649e-02
1.115501e-02
1.059845e-02
1.111309e-02
1.054447e-02
1.080209e-02
1.056350e-02
9.968723e-03
1.026121e-02
1.063430e-02
1.083006e-02
1.039918e-02
1.043212e-02
1.062673e-02
1.051834e-02
1.127433e-02
1.099712e-02
1.087892e-02
1.051309e-02
1.053274e-02
1.077835e-02
1.041677e-02
1.080615e-02
1.082647e-02
1.091515e-02
1.098948e-02
1.086837e-02
1.146623e-02
1.112100e-02
1.072288e-02
1.127336e-02
1.067493e-02
1.102935e-02
1.074359e-02
1.112849e-02
1.089890e-02
1.130599e-02
1.081011e-02
1.070952e-02
1.068588e-02
1.072222e-02
1.101671e-02
1.092650e-02
1.120406e-02
1.104202e-02
1.084996e-02
1.058293e-02
1.118579e-02
1.143193e-02
1.111160e-02
1.101449e-02
1.097083e-02
1.135244e-02
1.140732e-02
1.110294e-02
1.148973e-02
1.123232e-02
1.143616e-02
1.173198e-02
1.101480e-02
1.076392e-02
1.113365e-02
1.159514e-02
1.161706e-02
1.093095e-02
1.132555e-02
1.158158e-02
1.146506e-02
1.177034e-02
1.142358e-02
1.182733e-02
1.150725e-02
1.122026e-02
1.133063e-02
1.126903e-02
1.166842e-02
1.185601e-02
1.143213e-02
1.134482e-02
1.189165e-02
