4.363795e-14
4.298991e-14
4.258655e-14
4.401087e-14
4.541723e-14
4.395226e-14
4.275507e-14
4.338940e-14
4.287631e-14
4.352476e-14
4.351480e-14
4.319752e-14
4.359524e-14
4.328521e-14
4.248120e-14
4.351189e-14
4.275959e-14
4.343847e-14
4.273285e-14
4.352021e-14
4.336027e-14
4.361087e-14
4.454136e-14
4.287017e-14
4.380094e-14
4.394200e-14
4.387985e-14
4.417379e-14
4.330886e-14
4.476195e-14
4.415671e-14
4.418290e-14
4.276049e-14
4.286297e-14
4.365012e-14
4.297513e-14
4.389146e-14
4.377434e-14
4.319717e-14
4.409029e-14
4.282210e-14
4.307345e-14
4.356517e-14
4.326596e-14
4.385639e-14
4.354466e-14
4.293461e-14
4.355367e-14
4.404256e-14
4.454342e-14
4.389503e-14
4.338019e-14
4.354316e-14
4.335728e-14
4.507219e-14
4.361516e-14
4.290056e-14
4.319575e-14
4.404433e-14
4.391723e-14
4.369008e-14
4.332188e-14
4.340593e-14
4.463888e-14
4.437468e-14
4.329885e-14
4.401529e-14
4.430800e-14
4.387834e-14
4.411705e-14
4.426935e-14
4.435127e-14
4.509057e-14
4.678568e-14
4.408045e-14
4.466522e-14
4.335038e-14
4.416305e-14
4.418075e-14
4.375260e-14
