4.356863e-14
4.247252e-14
4.204666e-14
4.291301e-14
4.314381e-14
4.353692e-14
4.354028e-14
4.304674e-14
4.338818e-14
4.468244e-14
4.356017e-14
4.264352e-14
4.300930e-14
4.352020e-14
4.429186e-14
4.412947e-14
4.624264e-14
4.447297e-14
4.322487e-14
4.343047e-14
4.406480e-14
4.431753e-14
4.375234e-14
4.429755e-14
4.469360e-14
4.469039e-14
4.562387e-14
4.695619e-14
4.409465e-14
4.640904e-14
4.524525e-14
4.506276e-14
4.422933e-14
4.511992e-14
4.582556e-14
4.644562e-14
4.567463e-14
4.621994e-14
4.543319e-14
4.567380e-14
4.569549e-14
4.532884e-14
4.564382e-14
4.707727e-14
4.645681e-14
4.643981e-14
4.685006e-14
4.666183e-14
4.593499e-14
4.888786e-14
4.743118e-14
4.686695e-14
4.833817e-14
5.009141e-14
4.920765e-14
4.724835e-14
4.830573e-14
4.672295e-14
4.744517e-14
4.782423e-14
4.836618e-14
4.859661e-14
4.773953e-14
4.681736e-14
4.857045e-14
4.857310e-14
4.964334e-14
4.929759e-14
4.957091e-14
4.814547e-14
5.013446e-14
5.131141e-14
4.932149e-14
4.983167e-14
5.045634e-14
5.080553e-14
4.882946e-14
5.198152e-14
1.259514e-14
5.465302e-15
