# Temperatura_=_20.0
# Concentracion g/m^3_=_10000.0
# C_Vs_to_Am_M_A/Vsm_=_237624902134.5593
# pendiente_HvsI_1/m_=_3716.3
# ordenada_HvsI_A/m_=_1297.0
# frecuencia_Hz_=_302208.6225540751
# Promedio de 80 ciclos

Tiempo_(s)	Campo_(V.s)	Magnetizacion_(V.s)	Campo_(kA/m)	Magnetizacion_(A/m)
0.000000e+00	-9.267681e-10	-2.655115e-09	-5.696221e+01	-6.258119e+02
1.000000e-08	-9.263867e-10	-2.650994e-09	-5.693876e+01	-6.257184e+02
2.000000e-08	-9.256998e-10	-2.650747e-09	-5.689654e+01	-6.253994e+02
3.000000e-08	-9.247059e-10	-2.647737e-09	-5.683545e+01	-6.248548e+02
4.000000e-08	-9.233933e-10	-2.644066e-09	-5.675477e+01	-6.240850e+02
5.000000e-08	-9.217647e-10	-2.640682e-09	-5.665468e+01	-6.230902e+02
6.000000e-08	-9.198318e-10	-2.634193e-09	-5.653587e+01	-6.218706e+02
7.000000e-08	-9.176268e-10	-2.623750e-09	-5.640034e+01	-6.204269e+02
8.000000e-08	-9.151318e-10	-2.610886e-09	-5.624699e+01	-6.187595e+02
9.000000e-08	-9.122787e-10	-2.604389e-09	-5.607162e+01	-6.168690e+02
1.000000e-07	-9.090054e-10	-2.626401e-09	-5.587044e+01	-6.147560e+02
1.100000e-07	-9.053695e-10	-2.613956e-09	-5.564696e+01	-6.124214e+02
1.200000e-07	-9.014592e-10	-2.574651e-09	-5.540662e+01	-6.098660e+02
1.300000e-07	-8.972811e-10	-2.568275e-09	-5.514981e+01	-6.070907e+02
1.400000e-07	-8.928240e-10	-2.559363e-09	-5.487587e+01	-6.040965e+02
1.500000e-07	-8.881065e-10	-2.526560e-09	-5.458591e+01	-6.008845e+02
1.600000e-07	-8.831046e-10	-2.478232e-09	-5.427848e+01	-5.974558e+02
1.700000e-07	-8.777173e-10	-2.498469e-09	-5.394735e+01	-5.938118e+02
1.800000e-07	-8.719812e-10	-2.518212e-09	-5.359479e+01	-5.899536e+02
1.900000e-07	-8.659448e-10	-2.457008e-09	-5.322378e+01	-5.858827e+02
2.000000e-07	-8.596050e-10	-2.462459e-09	-5.283411e+01	-5.816005e+02
2.100000e-07	-8.530203e-10	-2.431216e-09	-5.242939e+01	-5.771087e+02
2.200000e-07	-8.461171e-10	-2.394614e-09	-5.200510e+01	-5.724087e+02
2.300000e-07	-8.388713e-10	-2.389302e-09	-5.155974e+01	-5.675024e+02
2.400000e-07	-8.312751e-10	-2.341371e-09	-5.109286e+01	-5.623915e+02
2.500000e-07	-8.233144e-10	-2.344365e-09	-5.060357e+01	-5.570778e+02
2.600000e-07	-8.150511e-10	-2.318615e-09	-5.009568e+01	-5.515632e+02
2.700000e-07	-8.064903e-10	-2.303687e-09	-4.956950e+01	-5.458497e+02
2.800000e-07	-7.976827e-10	-2.273860e-09	-4.902815e+01	-5.399394e+02
2.900000e-07	-7.886019e-10	-2.236361e-09	-4.847001e+01	-5.338345e+02
3.000000e-07	-7.792288e-10	-2.208058e-09	-4.789391e+01	-5.275370e+02
3.100000e-07	-7.695488e-10	-2.172547e-09	-4.729894e+01	-5.210494e+02
3.200000e-07	-7.595449e-10	-2.165862e-09	-4.668407e+01	-5.143738e+02
3.300000e-07	-7.492771e-10	-2.122468e-09	-4.605298e+01	-5.075128e+02
3.400000e-07	-7.387490e-10	-2.101119e-09	-4.540588e+01	-5.004688e+02
3.500000e-07	-7.279689e-10	-2.079413e-09	-4.474330e+01	-4.932444e+02
3.600000e-07	-7.169255e-10	-2.036866e-09	-4.406453e+01	-4.858421e+02
3.700000e-07	-7.056074e-10	-1.998151e-09	-4.336889e+01	-4.782646e+02
3.800000e-07	-6.940117e-10	-1.959198e-09	-4.265618e+01	-4.705146e+02
3.900000e-07	-6.821397e-10	-1.932585e-09	-4.192648e+01	-4.625950e+02
4.000000e-07	-6.700165e-10	-1.898028e-09	-4.118135e+01	-4.545086e+02
4.100000e-07	-6.576582e-10	-1.869900e-09	-4.042176e+01	-4.462583e+02
4.200000e-07	-6.450896e-10	-1.832446e-09	-3.964926e+01	-4.378471e+02
4.300000e-07	-6.323061e-10	-1.795259e-09	-3.886354e+01	-4.292780e+02
4.400000e-07	-6.192936e-10	-1.757184e-09	-3.806375e+01	-4.205541e+02
4.500000e-07	-6.060446e-10	-1.713753e-09	-3.724942e+01	-4.116786e+02
4.600000e-07	-5.925691e-10	-1.671309e-09	-3.642117e+01	-4.026546e+02
4.700000e-07	-5.788802e-10	-1.630403e-09	-3.557981e+01	-3.934854e+02
4.800000e-07	-5.649787e-10	-1.594948e-09	-3.472537e+01	-3.841743e+02
4.900000e-07	-5.508508e-10	-1.557207e-09	-3.385702e+01	-3.747247e+02
5.000000e-07	-5.364994e-10	-1.515337e-09	-3.297495e+01	-3.651400e+02
5.100000e-07	-5.219499e-10	-1.471317e-09	-3.208068e+01	-3.554235e+02
5.200000e-07	-5.072131e-10	-1.429870e-09	-3.117491e+01	-3.455790e+02
5.300000e-07	-4.922973e-10	-1.385867e-09	-3.025813e+01	-3.356098e+02
5.400000e-07	-4.772039e-10	-1.340338e-09	-2.933044e+01	-3.255195e+02
5.500000e-07	-4.619366e-10	-1.295316e-09	-2.839206e+01	-3.153119e+02
5.600000e-07	-4.464959e-10	-1.252505e-09	-2.744302e+01	-3.049905e+02
5.700000e-07	-4.308872e-10	-1.208459e-09	-2.648366e+01	-2.945592e+02
5.800000e-07	-4.151124e-10	-1.162323e-09	-2.551409e+01	-2.840217e+02
5.900000e-07	-3.991862e-10	-1.113890e-09	-2.453521e+01	-2.733817e+02
6.000000e-07	-3.831178e-10	-1.066618e-09	-2.354760e+01	-2.626431e+02
6.100000e-07	-3.669022e-10	-1.022363e-09	-2.255093e+01	-2.518097e+02
6.200000e-07	-3.505473e-10	-9.782805e-10	-2.154570e+01	-2.408856e+02
6.300000e-07	-3.340642e-10	-9.328651e-10	-2.053260e+01	-2.298746e+02
6.400000e-07	-3.174635e-10	-8.841314e-10	-1.951226e+01	-2.187807e+02
6.500000e-07	-3.007488e-10	-8.376887e-10	-1.848492e+01	-2.076078e+02
6.600000e-07	-2.839262e-10	-7.902322e-10	-1.745095e+01	-1.963601e+02
6.700000e-07	-2.670041e-10	-7.403719e-10	-1.641086e+01	-1.850415e+02
6.800000e-07	-2.499930e-10	-6.900456e-10	-1.536530e+01	-1.736562e+02
6.900000e-07	-2.328973e-10	-6.414298e-10	-1.431454e+01	-1.622082e+02
7.000000e-07	-2.157219e-10	-5.941063e-10	-1.325888e+01	-1.507017e+02
7.100000e-07	-1.984787e-10	-5.440643e-10	-1.219906e+01	-1.391409e+02
7.200000e-07	-1.811754e-10	-4.933484e-10	-1.113554e+01	-1.275298e+02
7.300000e-07	-1.638090e-10	-4.413363e-10	-1.006815e+01	-1.158727e+02
7.400000e-07	-1.463762e-10	-3.909502e-10	-8.996669e+00	-1.041738e+02
7.500000e-07	-1.288832e-10	-3.411798e-10	-7.921491e+00	-9.243731e+01
7.600000e-07	-1.113421e-10	-2.919140e-10	-6.843353e+00	-8.066743e+01
7.700000e-07	-9.376780e-11	-2.427680e-10	-5.763180e+00	-6.886843e+01
7.800000e-07	-7.616570e-11	-1.929792e-10	-4.681297e+00	-5.704455e+01
7.900000e-07	-5.853678e-11	-1.463059e-10	-3.597766e+00	-4.520006e+01
8.000000e-07	-4.088490e-11	-9.812046e-11	-2.512825e+00	-3.333923e+01
8.100000e-07	-2.321448e-11	-4.671323e-11	-1.426743e+00	-2.146633e+01
8.200000e-07	-5.532387e-12	5.383771e-12	-3.399451e-01	-9.585644e+00
8.300000e-07	1.215499e-11	5.659883e-11	7.471782e-01	2.298545e+00
8.400000e-07	2.984204e-11	1.069202e-10	1.834281e+00	1.418195e+01
8.500000e-07	4.752205e-11	1.565473e-10	2.920951e+00	2.606030e+01
8.600000e-07	6.518677e-11	2.073293e-10	4.006682e+00	3.792930e+01
8.700000e-07	8.282979e-11	2.584914e-10	5.091079e+00	4.978467e+01
8.800000e-07	1.004495e-10	3.064291e-10	6.174044e+00	6.162215e+01
8.900000e-07	1.180410e-10	3.543722e-10	7.255273e+00	7.343746e+01
9.000000e-07	1.355944e-10	4.053876e-10	8.334166e+00	8.522635e+01
9.100000e-07	1.530989e-10	4.553845e-10	9.410047e+00	9.698457e+01
9.200000e-07	1.705427e-10	5.019705e-10	1.048220e+01	1.087079e+02
9.300000e-07	1.879163e-10	5.492305e-10	1.155004e+01	1.203920e+02
9.400000e-07	2.052178e-10	5.979910e-10	1.261345e+01	1.320328e+02
9.500000e-07	2.224466e-10	6.477049e-10	1.367239e+01	1.436261e+02
9.600000e-07	2.395951e-10	6.962558e-10	1.472639e+01	1.551677e+02
9.700000e-07	2.566545e-10	7.411105e-10	1.577492e+01	1.666533e+02
9.800000e-07	2.736167e-10	7.849962e-10	1.681747e+01	1.780789e+02
9.900000e-07	2.904743e-10	8.315147e-10	1.785359e+01	1.894404e+02
1.000000e-06	3.072255e-10	8.786368e-10	1.888318e+01	2.007337e+02
1.010000e-06	3.238628e-10	9.221761e-10	1.990576e+01	2.119546e+02
1.020000e-06	3.403738e-10	9.673860e-10	2.092057e+01	2.230992e+02
1.030000e-06	3.567556e-10	1.014712e-09	2.192745e+01	2.341634e+02
1.040000e-06	3.730048e-10	1.060811e-09	2.292618e+01	2.451432e+02
1.050000e-06	3.891167e-10	1.104569e-09	2.391647e+01	2.560347e+02
1.060000e-06	4.050909e-10	1.146668e-09	2.489830e+01	2.668340e+02
1.070000e-06	4.209213e-10	1.189327e-09	2.587128e+01	2.775371e+02
1.080000e-06	4.365982e-10	1.234695e-09	2.683484e+01	2.881403e+02
1.090000e-06	4.521153e-10	1.280999e-09	2.778857e+01	2.986396e+02
1.100000e-06	4.674671e-10	1.323916e-09	2.873214e+01	3.090313e+02
1.110000e-06	4.826500e-10	1.364833e-09	2.966533e+01	3.193117e+02
1.120000e-06	4.976603e-10	1.406049e-09	3.058791e+01	3.294770e+02
1.130000e-06	5.124958e-10	1.446974e-09	3.149975e+01	3.395235e+02
1.140000e-06	5.271550e-10	1.484871e-09	3.240075e+01	3.494478e+02
1.150000e-06	5.416296e-10	1.521853e-09	3.329041e+01	3.592461e+02
1.160000e-06	5.559065e-10	1.561932e-09	3.416791e+01	3.689150e+02
1.170000e-06	5.699735e-10	1.604595e-09	3.503251e+01	3.784509e+02
1.180000e-06	5.838265e-10	1.644103e-09	3.588396e+01	3.878505e+02
1.190000e-06	5.974650e-10	1.678670e-09	3.672223e+01	3.971102e+02
1.200000e-06	6.108883e-10	1.712711e-09	3.754727e+01	4.062269e+02
1.210000e-06	6.240930e-10	1.747711e-09	3.835887e+01	4.151972e+02
1.220000e-06	6.370731e-10	1.781941e-09	3.915667e+01	4.240179e+02
1.230000e-06	6.498250e-10	1.814779e-09	3.994044e+01	4.326858e+02
1.240000e-06	6.623463e-10	1.847999e-09	4.071004e+01	4.411978e+02
1.250000e-06	6.746318e-10	1.882248e-09	4.146514e+01	4.495507e+02
1.260000e-06	6.866713e-10	1.916363e-09	4.220513e+01	4.577417e+02
1.270000e-06	6.984515e-10	1.948296e-09	4.292918e+01	4.657677e+02
1.280000e-06	7.099573e-10	1.977342e-09	4.363636e+01	4.736258e+02
1.290000e-06	7.211854e-10	2.007201e-09	4.432648e+01	4.813133e+02
1.300000e-06	7.321478e-10	2.038142e-09	4.500026e+01	4.888273e+02
1.310000e-06	7.428465e-10	2.067498e-09	4.565784e+01	4.961651e+02
1.320000e-06	7.532723e-10	2.094325e-09	4.629864e+01	5.033242e+02
1.330000e-06	7.634234e-10	2.120264e-09	4.692256e+01	5.103018e+02
1.340000e-06	7.732926e-10	2.147133e-09	4.752915e+01	5.170956e+02
1.350000e-06	7.828756e-10	2.173496e-09	4.811815e+01	5.237030e+02
1.360000e-06	7.921800e-10	2.197604e-09	4.869003e+01	5.301216e+02
1.370000e-06	8.012047e-10	2.221304e-09	4.924472e+01	5.363492e+02
1.380000e-06	8.099499e-10	2.246988e-09	4.978222e+01	5.423835e+02
1.390000e-06	8.184219e-10	2.272594e-09	5.030294e+01	5.482224e+02
1.400000e-06	8.266095e-10	2.295868e-09	5.080617e+01	5.538637e+02
1.410000e-06	8.344955e-10	2.315840e-09	5.129087e+01	5.593053e+02
1.420000e-06	8.420667e-10	2.334084e-09	5.175622e+01	5.645454e+02
1.430000e-06	8.493259e-10	2.351872e-09	5.220239e+01	5.695821e+02
1.440000e-06	8.562883e-10	2.368956e-09	5.263032e+01	5.744134e+02
1.450000e-06	8.629489e-10	2.384735e-09	5.303970e+01	5.790378e+02
1.460000e-06	8.693057e-10	2.400060e-09	5.343041e+01	5.834534e+02
1.470000e-06	8.753631e-10	2.415807e-09	5.380272e+01	5.876588e+02
1.480000e-06	8.811107e-10	2.431183e-09	5.415598e+01	5.916524e+02
1.490000e-06	8.865324e-10	2.444963e-09	5.448921e+01	5.954328e+02
1.500000e-06	8.916031e-10	2.457070e-09	5.480088e+01	5.989986e+02
1.510000e-06	8.963335e-10	2.468578e-09	5.509162e+01	6.023485e+02
1.520000e-06	9.007416e-10	2.479905e-09	5.536255e+01	6.054813e+02
1.530000e-06	9.048202e-10	2.491207e-09	5.561324e+01	6.083959e+02
1.540000e-06	9.085788e-10	2.500866e-09	5.584425e+01	6.110912e+02
1.550000e-06	9.120148e-10	2.509739e-09	5.605543e+01	6.135663e+02
1.560000e-06	9.151279e-10	2.517808e-09	5.624677e+01	6.158203e+02
1.570000e-06	9.179145e-10	2.525485e-09	5.641805e+01	6.178523e+02
1.580000e-06	9.203616e-10	2.532703e-09	5.656845e+01	6.196617e+02
1.590000e-06	9.224848e-10	2.538242e-09	5.669895e+01	6.212477e+02
1.600000e-06	9.242827e-10	2.542636e-09	5.680945e+01	6.226099e+02
1.610000e-06	9.257347e-10	2.546549e-09	5.689870e+01	6.237476e+02
1.620000e-06	9.268237e-10	2.550510e-09	5.696563e+01	6.246606e+02
1.630000e-06	9.275619e-10	2.552472e-09	5.701100e+01	6.253484e+02
1.640000e-06	9.279733e-10	2.553664e-09	5.703628e+01	6.258108e+02
1.650000e-06	9.280582e-10	2.554911e-09	5.704150e+01	6.260477e+02
1.660000e-06	9.278314e-10	2.556063e-09	5.702755e+01	6.260590e+02
1.670000e-06	9.272950e-10	2.554207e-09	5.699459e+01	6.258446e+02
1.680000e-06	9.264494e-10	2.548007e-09	5.694261e+01	6.254047e+02
1.690000e-06	9.252850e-10	2.544664e-09	5.687104e+01	6.247394e+02
1.700000e-06	9.238019e-10	2.540056e-09	5.677988e+01	6.238489e+02
1.710000e-06	9.220301e-10	2.534216e-09	5.667098e+01	6.227336e+02
1.720000e-06	9.199691e-10	2.530885e-09	5.654430e+01	6.213939e+02
1.730000e-06	9.176264e-10	2.529347e-09	5.640031e+01	6.198302e+02
1.740000e-06	9.150010e-10	2.518554e-09	5.623895e+01	6.180431e+02
1.750000e-06	9.119707e-10	2.469694e-09	5.605269e+01	6.160333e+02
1.760000e-06	9.084599e-10	2.470281e-09	5.583690e+01	6.138015e+02
1.770000e-06	9.045688e-10	2.482423e-09	5.559774e+01	6.113484e+02
1.780000e-06	9.003985e-10	2.457135e-09	5.534142e+01	6.086751e+02
1.790000e-06	8.959823e-10	2.450385e-09	5.506998e+01	6.057823e+02
1.800000e-06	8.913707e-10	2.485091e-09	5.478654e+01	6.026712e+02
1.810000e-06	8.865639e-10	2.478511e-09	5.449110e+01	5.993430e+02
1.820000e-06	8.813823e-10	2.399869e-09	5.417261e+01	5.957987e+02
1.830000e-06	8.758685e-10	2.424260e-09	5.383372e+01	5.920397e+02
1.840000e-06	8.700570e-10	2.401660e-09	5.347653e+01	5.880674e+02
1.850000e-06	8.638192e-10	2.409602e-09	5.309312e+01	5.838831e+02
1.860000e-06	8.572861e-10	2.429559e-09	5.269158e+01	5.794883e+02
1.870000e-06	8.503970e-10	2.371735e-09	5.226815e+01	5.748848e+02
1.880000e-06	8.432190e-10	2.411745e-09	5.182696e+01	5.700740e+02
1.890000e-06	8.357837e-10	2.371760e-09	5.136996e+01	5.650578e+02
1.900000e-06	8.279547e-10	2.370834e-09	5.088876e+01	5.598380e+02
1.910000e-06	8.198556e-10	2.362043e-09	5.039097e+01	5.544164e+02
1.920000e-06	8.114018e-10	2.317345e-09	4.987137e+01	5.487949e+02
1.930000e-06	8.026452e-10	2.330286e-09	4.933316e+01	5.429758e+02
1.940000e-06	7.936025e-10	2.276186e-09	4.877736e+01	5.369609e+02
1.950000e-06	7.842499e-10	2.282267e-09	4.820252e+01	5.307525e+02
1.960000e-06	7.746701e-10	2.238025e-09	4.761371e+01	5.243528e+02
1.970000e-06	7.647857e-10	2.223472e-09	4.700618e+01	5.177642e+02
1.980000e-06	7.546522e-10	2.210284e-09	4.638334e+01	5.109890e+02
1.990000e-06	7.442241e-10	2.154760e-09	4.574239e+01	5.040296e+02
2.000000e-06	7.335142e-10	2.155403e-09	4.508412e+01	4.968886e+02
2.010000e-06	7.225548e-10	2.112565e-09	4.441052e+01	4.895685e+02
2.020000e-06	7.113121e-10	2.102081e-09	4.371951e+01	4.820720e+02
2.030000e-06	6.998222e-10	2.055641e-09	4.301330e+01	4.744017e+02
2.040000e-06	6.880460e-10	2.021341e-09	4.228950e+01	4.665605e+02
2.050000e-06	6.760257e-10	1.986363e-09	4.155069e+01	4.585512e+02
2.060000e-06	6.637659e-10	1.945306e-09	4.079716e+01	4.503766e+02
2.070000e-06	6.512647e-10	1.921900e-09	4.002879e+01	4.420397e+02
2.080000e-06	6.385266e-10	1.879235e-09	3.924586e+01	4.335435e+02
2.090000e-06	6.255545e-10	1.853563e-09	3.844856e+01	4.248910e+02
2.100000e-06	6.123775e-10	1.813215e-09	3.763865e+01	4.160855e+02
2.110000e-06	5.989920e-10	1.780063e-09	3.681594e+01	4.071300e+02
2.120000e-06	5.854002e-10	1.738587e-09	3.598054e+01	3.980278e+02
2.130000e-06	5.715863e-10	1.695335e-09	3.513149e+01	3.887822e+02
2.140000e-06	5.575491e-10	1.654523e-09	3.426872e+01	3.793965e+02
2.150000e-06	5.432847e-10	1.614613e-09	3.339198e+01	3.698740e+02
2.160000e-06	5.288120e-10	1.575459e-09	3.250244e+01	3.602183e+02
2.170000e-06	5.141462e-10	1.532643e-09	3.160103e+01	3.504328e+02
2.180000e-06	4.992982e-10	1.489556e-09	3.068842e+01	3.405210e+02
2.190000e-06	4.842761e-10	1.446640e-09	2.976512e+01	3.304865e+02
2.200000e-06	4.690737e-10	1.405953e-09	2.883072e+01	3.203329e+02
2.210000e-06	4.536872e-10	1.366283e-09	2.788502e+01	3.100639e+02
2.220000e-06	4.381172e-10	1.322902e-09	2.692803e+01	2.996832e+02
2.230000e-06	4.223829e-10	1.276078e-09	2.596095e+01	2.891945e+02
2.240000e-06	4.064970e-10	1.228192e-09	2.498455e+01	2.786016e+02
2.250000e-06	3.904702e-10	1.177925e-09	2.399949e+01	2.679083e+02
2.260000e-06	3.742981e-10	1.127280e-09	2.300550e+01	2.571185e+02
2.270000e-06	3.579867e-10	1.078373e-09	2.200295e+01	2.462361e+02
2.280000e-06	3.415410e-10	1.037408e-09	2.099214e+01	2.352649e+02
2.290000e-06	3.249666e-10	9.976489e-10	1.997342e+01	2.242090e+02
2.300000e-06	3.082804e-10	9.559697e-10	1.894783e+01	2.130723e+02
2.310000e-06	2.914913e-10	9.094984e-10	1.791592e+01	2.018588e+02
2.320000e-06	2.746038e-10	8.601670e-10	1.687795e+01	1.905727e+02
2.330000e-06	2.576237e-10	8.092001e-10	1.583430e+01	1.792179e+02
2.340000e-06	2.405547e-10	7.564625e-10	1.478518e+01	1.677985e+02
2.350000e-06	2.233978e-10	7.052543e-10	1.373066e+01	1.563187e+02
2.360000e-06	2.061688e-10	6.566913e-10	1.267171e+01	1.447826e+02
2.370000e-06	1.888800e-10	6.113444e-10	1.160908e+01	1.331943e+02
2.380000e-06	1.715356e-10	5.676585e-10	1.054304e+01	1.215581e+02
2.390000e-06	1.541361e-10	5.224120e-10	9.473607e+00	1.098782e+02
2.400000e-06	1.366867e-10	4.750603e-10	8.401110e+00	9.815863e+01
2.410000e-06	1.191969e-10	4.260004e-10	7.326128e+00	8.640375e+01
2.420000e-06	1.016629e-10	3.735207e-10	6.248433e+00	7.461779e+01
2.430000e-06	8.407845e-11	3.203528e-10	5.167635e+00	6.280497e+01
2.440000e-06	6.645924e-11	2.682339e-10	4.084702e+00	5.096957e+01
2.450000e-06	4.882089e-11	2.178656e-10	3.000593e+00	3.911584e+01
2.460000e-06	3.115940e-11	1.687430e-10	1.915062e+00	2.724806e+01
2.470000e-06	1.347506e-11	1.193793e-10	8.281268e-01	1.537051e+01
2.480000e-06	-4.220443e-12	6.951640e-11	-2.594943e-01	3.487464e+00
2.490000e-06	-2.191515e-11	1.587996e-11	-1.347066e+00	-8.396785e+00
2.500000e-06	-3.960045e-11	-3.949774e-11	-2.434060e+00	-2.027796e+01
2.510000e-06	-5.727052e-11	-9.331070e-11	-3.520118e+00	-3.215177e+01
2.520000e-06	-7.492203e-11	-1.441067e-10	-4.605035e+00	-4.401394e+01
2.530000e-06	-9.254844e-11	-1.917457e-10	-5.688409e+00	-5.586020e+01
2.540000e-06	-1.101389e-10	-2.393618e-10	-6.769577e+00	-6.768627e+01
2.550000e-06	-1.276840e-10	-2.896594e-10	-7.847951e+00	-7.948789e+01
2.560000e-06	-1.451791e-10	-3.427351e-10	-8.923256e+00	-9.126080e+01
2.570000e-06	-1.626198e-10	-3.966334e-10	-9.995218e+00	-1.030008e+02
2.580000e-06	-1.799994e-10	-4.502510e-10	-1.106343e+01	-1.147036e+02
2.590000e-06	-1.973135e-10	-5.021670e-10	-1.212761e+01	-1.263649e+02
2.600000e-06	-2.145562e-10	-5.509357e-10	-1.318740e+01	-1.379807e+02
2.610000e-06	-2.317180e-10	-5.972117e-10	-1.424222e+01	-1.495467e+02
2.620000e-06	-2.487926e-10	-6.422063e-10	-1.529168e+01	-1.610588e+02
2.630000e-06	-2.657786e-10	-6.906471e-10	-1.633570e+01	-1.725127e+02
2.640000e-06	-2.826702e-10	-7.425280e-10	-1.737392e+01	-1.839044e+02
2.650000e-06	-2.994605e-10	-7.944374e-10	-1.840590e+01	-1.952297e+02
2.660000e-06	-3.161444e-10	-8.455155e-10	-1.943135e+01	-2.064847e+02
2.670000e-06	-3.327125e-10	-8.936496e-10	-2.044968e+01	-2.176651e+02
2.680000e-06	-3.491554e-10	-9.394964e-10	-2.146032e+01	-2.287670e+02
2.690000e-06	-3.654681e-10	-9.835838e-10	-2.246294e+01	-2.397864e+02
2.700000e-06	-3.816435e-10	-1.029204e-09	-2.345714e+01	-2.507194e+02
2.710000e-06	-3.976725e-10	-1.078440e-09	-2.444233e+01	-2.615618e+02
2.720000e-06	-4.135548e-10	-1.130896e-09	-2.541851e+01	-2.723100e+02
2.730000e-06	-4.292886e-10	-1.183869e-09	-2.638556e+01	-2.829599e+02
2.740000e-06	-4.448645e-10	-1.232370e-09	-2.734290e+01	-2.935078e+02
2.750000e-06	-4.602757e-10	-1.277014e-09	-2.829013e+01	-3.039499e+02
2.760000e-06	-4.755181e-10	-1.320032e-09	-2.922697e+01	-3.142823e+02
2.770000e-06	-4.905911e-10	-1.363418e-09	-3.015341e+01	-3.245013e+02
2.780000e-06	-5.054957e-10	-1.407428e-09	-3.106949e+01	-3.346034e+02
2.790000e-06	-5.202278e-10	-1.453186e-09	-3.197498e+01	-3.445848e+02
2.800000e-06	-5.347769e-10	-1.501555e-09	-3.286921e+01	-3.544419e+02
2.810000e-06	-5.491317e-10	-1.550527e-09	-3.375150e+01	-3.641712e+02
2.820000e-06	-5.632840e-10	-1.596825e-09	-3.462135e+01	-3.737691e+02
2.830000e-06	-5.772273e-10	-1.637566e-09	-3.547835e+01	-3.832323e+02
2.840000e-06	-5.909582e-10	-1.675418e-09	-3.632229e+01	-3.925573e+02
2.850000e-06	-6.044736e-10	-1.714210e-09	-3.715299e+01	-4.017407e+02
2.860000e-06	-6.177715e-10	-1.754351e-09	-3.797032e+01	-4.107793e+02
2.870000e-06	-6.308489e-10	-1.795376e-09	-3.877410e+01	-4.196697e+02
2.880000e-06	-6.436995e-10	-1.837448e-09	-3.956395e+01	-4.284088e+02
2.890000e-06	-6.563162e-10	-1.879638e-09	-4.033940e+01	-4.369934e+02
2.900000e-06	-6.686925e-10	-1.920560e-09	-4.110010e+01	-4.454204e+02
2.910000e-06	-6.808308e-10	-1.959183e-09	-4.184616e+01	-4.536869e+02
2.920000e-06	-6.927268e-10	-1.994890e-09	-4.257732e+01	-4.617897e+02
2.930000e-06	-7.043538e-10	-2.028971e-09	-4.329195e+01	-4.697260e+02
2.940000e-06	-7.156814e-10	-2.062376e-09	-4.398818e+01	-4.774929e+02
2.950000e-06	-7.267119e-10	-2.096400e-09	-4.466615e+01	-4.850877e+02
2.960000e-06	-7.374779e-10	-2.131358e-09	-4.532786e+01	-4.925075e+02
2.970000e-06	-7.479929e-10	-2.166200e-09	-4.597415e+01	-4.997497e+02
2.980000e-06	-7.582401e-10	-2.200998e-09	-4.660397e+01	-5.068118e+02
2.990000e-06	-7.682093e-10	-2.234620e-09	-4.721671e+01	-5.136911e+02
3.000000e-06	-7.779099e-10	-2.264282e-09	-4.781294e+01	-5.203852e+02
3.010000e-06	-7.873371e-10	-2.290311e-09	-4.839236e+01	-5.268916e+02
3.020000e-06	-7.964806e-10	-2.315115e-09	-4.895435e+01	-5.332080e+02
3.030000e-06	-8.053479e-10	-2.340194e-09	-4.949936e+01	-5.393322e+02
3.040000e-06	-8.139375e-10	-2.365727e-09	-5.002731e+01	-5.452620e+02
3.050000e-06	-8.222428e-10	-2.390646e-09	-5.053778e+01	-5.509951e+02
3.060000e-06	-8.302577e-10	-2.414585e-09	-5.103040e+01	-5.565295e+02
3.070000e-06	-8.379596e-10	-2.438634e-09	-5.150378e+01	-5.618633e+02
3.080000e-06	-8.453424e-10	-2.462015e-09	-5.195755e+01	-5.669945e+02
3.090000e-06	-8.524121e-10	-2.481943e-09	-5.239208e+01	-5.719212e+02
3.100000e-06	-8.591767e-10	-2.498965e-09	-5.280785e+01	-5.766417e+02
3.110000e-06	-8.656477e-10	-2.514222e-09	-5.320558e+01	-5.811543e+02
3.120000e-06	-8.718108e-10	-2.528862e-09	-5.358438e+01	-5.854574e+02
3.130000e-06	-8.776610e-10	-2.544655e-09	-5.394395e+01	-5.895494e+02
3.140000e-06	-8.831885e-10	-2.560308e-09	-5.428369e+01	-5.934288e+02
3.150000e-06	-8.883723e-10	-2.574701e-09	-5.460230e+01	-5.970942e+02
3.160000e-06	-8.932075e-10	-2.588286e-09	-5.489948e+01	-6.005443e+02
3.170000e-06	-8.977112e-10	-2.601011e-09	-5.517629e+01	-6.037779e+02
3.180000e-06	-9.019136e-10	-2.612003e-09	-5.543458e+01	-6.067938e+02
3.190000e-06	-9.058030e-10	-2.621596e-09	-5.567364e+01	-6.095909e+02
3.200000e-06	-9.093683e-10	-2.629649e-09	-5.589277e+01	-6.121682e+02
3.210000e-06	-9.126191e-10	-2.636962e-09	-5.609258e+01	-6.145248e+02
3.220000e-06	-9.155407e-10	-2.643745e-09	-5.627215e+01	-6.166599e+02
3.230000e-06	-9.181285e-10	-2.649193e-09	-5.643120e+01	-6.185725e+02
3.240000e-06	-9.203872e-10	-2.653373e-09	-5.657003e+01	-6.202622e+02
3.250000e-06	-9.223132e-10	-2.656484e-09	-5.668840e+01	-6.217282e+02
3.260000e-06	-9.239117e-10	-2.658593e-09	-5.678665e+01	-6.229700e+02
3.270000e-06	-9.251567e-10	-2.660004e-09	-5.686317e+01	-6.239872e+02
3.280000e-06	-9.260474e-10	-2.661267e-09	-5.691791e+01	-6.247794e+02
3.290000e-06	-9.266055e-10	-2.660420e-09	-5.695222e+01	-6.253464e+02
3.300000e-06	-9.268385e-10	-2.658517e-09	-5.696654e+01	-6.256878e+02
