1.083144e-02
1.068545e-02
1.102822e-02
1.102946e-02
1.064419e-02
1.079597e-02
1.062211e-02
1.080930e-02
1.071949e-02
1.073530e-02
1.070202e-02
1.089563e-02
1.074723e-02
1.077785e-02
1.056125e-02
1.046411e-02
1.061709e-02
1.072874e-02
1.069078e-02
1.064934e-02
1.051430e-02
1.067120e-02
1.073294e-02
1.069927e-02
1.067035e-02
1.071764e-02
1.072091e-02
1.079544e-02
1.095234e-02
1.087364e-02
1.071278e-02
1.060174e-02
1.094687e-02
1.109620e-02
1.071479e-02
1.094659e-02
1.091278e-02
1.073911e-02
1.082826e-02
1.093440e-02
1.097681e-02
1.147094e-02
1.105038e-02
1.100799e-02
1.100419e-02
1.125647e-02
1.113306e-02
1.134085e-02
1.105309e-02
1.118821e-02
1.111914e-02
1.107568e-02
1.110974e-02
1.109214e-02
1.105183e-02
1.097199e-02
1.129057e-02
1.117075e-02
1.109327e-02
1.111720e-02
1.083975e-02
1.088325e-02
1.104784e-02
1.099475e-02
1.121615e-02
1.129809e-02
1.118724e-02
1.124487e-02
1.109489e-02
1.112188e-02
1.103228e-02
1.129506e-02
1.128021e-02
1.129098e-02
1.123609e-02
1.125314e-02
1.107243e-02
1.118861e-02
1.142685e-02
1.146806e-02
