1.099604e-02
1.156118e-02
1.093574e-02
1.052564e-02
1.099412e-02
1.132110e-02
1.134226e-02
1.151816e-02
1.094524e-02
1.101649e-02
1.103876e-02
1.140793e-02
1.126130e-02
1.084583e-02
1.091909e-02
1.152268e-02
1.092555e-02
1.176866e-02
1.160753e-02
1.120919e-02
1.145292e-02
1.104458e-02
1.056725e-02
1.090333e-02
1.130951e-02
1.162044e-02
1.120998e-02
1.080121e-02
1.119915e-02
1.135718e-02
1.170612e-02
1.133356e-02
1.145916e-02
1.168482e-02
1.137556e-02
1.149181e-02
1.177698e-02
1.130963e-02
1.120446e-02
1.158998e-02
1.167294e-02
1.142512e-02
1.149596e-02
1.135007e-02
1.183615e-02
1.179070e-02
1.129560e-02
1.150194e-02
1.156740e-02
1.189501e-02
1.148619e-02
1.187611e-02
1.192910e-02
1.156781e-02
1.166298e-02
1.197259e-02
1.192930e-02
1.168804e-02
1.219031e-02
1.192689e-02
1.213227e-02
1.194859e-02
1.198161e-02
1.202541e-02
1.175341e-02
1.230072e-02
1.174255e-02
1.203905e-02
1.218722e-02
1.182771e-02
1.190778e-02
1.137783e-02
1.183532e-02
1.226495e-02
1.237294e-02
1.179566e-02
1.165321e-02
1.175292e-02
1.236379e-02
