4.605605e-14
4.537911e-14
4.635841e-14
4.625413e-14
4.647608e-14
4.504675e-14
4.538997e-14
4.560803e-14
4.595660e-14
4.568556e-14
4.541634e-14
4.595070e-14
4.572876e-14
4.770748e-14
4.691108e-14
4.648879e-14
4.709571e-14
4.564458e-14
4.590639e-14
4.717567e-14
4.765629e-14
4.545152e-14
4.808286e-14
4.577983e-14
4.466269e-14
4.742288e-14
4.874352e-14
4.753287e-14
4.807243e-14
4.561600e-14
4.636389e-14
4.796417e-14
4.623719e-14
4.890857e-14
4.652291e-14
4.668072e-14
4.749813e-14
4.669408e-14
4.626655e-14
4.889661e-14
4.725641e-14
4.727992e-14
4.731585e-14
4.749132e-14
4.635277e-14
4.742783e-14
4.567455e-14
4.820894e-14
4.764648e-14
4.830886e-14
4.799207e-14
4.647349e-14
4.856837e-14
4.835333e-14
4.787595e-14
4.913385e-14
5.051231e-14
4.921698e-14
4.867833e-14
4.660113e-14
4.743025e-14
4.682777e-14
4.833567e-14
4.913567e-14
5.003799e-14
5.082655e-14
4.912333e-14
4.716626e-14
4.837822e-14
4.779692e-14
4.862886e-14
4.853671e-14
4.916191e-14
4.593048e-14
4.991233e-14
5.024046e-14
5.036276e-14
4.889040e-14
1.858208e-14
5.136195e-15
