4.396209e-14
4.694377e-14
4.460160e-14
4.676736e-14
4.437442e-14
4.545857e-14
4.445450e-14
4.195151e-14
4.318238e-14
4.475246e-14
4.557629e-14
4.376301e-14
4.390162e-14
4.472060e-14
4.426445e-14
4.744590e-14
4.627932e-14
4.578194e-14
4.424239e-14
4.432505e-14
4.535867e-14
4.383702e-14
4.547567e-14
4.556118e-14
4.593435e-14
4.624716e-14
4.573752e-14
4.825350e-14
4.680066e-14
4.512525e-14
4.744182e-14
4.492343e-14
4.641494e-14
4.521241e-14
4.683218e-14
4.586600e-14
4.757913e-14
4.549232e-14
4.506901e-14
4.496952e-14
4.512245e-14
4.636178e-14
4.598212e-14
4.715021e-14
4.646827e-14
4.566002e-14
4.453629e-14
4.707332e-14
4.810913e-14
4.676108e-14
4.635243e-14
4.616871e-14
4.777462e-14
4.800556e-14
4.672463e-14
4.835237e-14
4.726910e-14
4.812696e-14
4.937185e-14
4.635373e-14
4.529795e-14
4.685389e-14
4.879597e-14
4.888824e-14
4.600087e-14
4.766146e-14
4.873890e-14
4.824855e-14
4.953329e-14
4.807402e-14
4.977311e-14
4.842612e-14
4.721836e-14
4.768284e-14
4.742363e-14
4.910434e-14
4.989382e-14
4.810999e-14
4.774255e-14
5.004380e-14
