4.361425e-14
4.399931e-14
4.374493e-14
4.312732e-14
4.360768e-14
4.436187e-14
4.307729e-14
4.448135e-14
4.442726e-14
4.403315e-14
4.333893e-14
4.356437e-14
4.348619e-14
4.389017e-14
4.377937e-14
4.268786e-14
4.339870e-14
4.317531e-14
4.304309e-14
4.313208e-14
4.423750e-14
4.339164e-14
4.330088e-14
4.388838e-14
4.534339e-14
4.403851e-14
4.479234e-14
4.535431e-14
4.546211e-14
4.388552e-14
4.427028e-14
4.433025e-14
4.390069e-14
4.333563e-14
4.421721e-14
4.429875e-14
4.299007e-14
4.344637e-14
4.383723e-14
4.421956e-14
4.477400e-14
4.354497e-14
4.355359e-14
4.366398e-14
4.388473e-14
4.332093e-14
4.433284e-14
4.332165e-14
4.478398e-14
4.412797e-14
4.370005e-14
4.357166e-14
4.342691e-14
4.378660e-14
4.339994e-14
4.333678e-14
4.355970e-14
4.442975e-14
4.379455e-14
4.340623e-14
4.447312e-14
4.313828e-14
4.373410e-14
4.352239e-14
4.475238e-14
4.331152e-14
4.328666e-14
4.422811e-14
4.343554e-14
4.384633e-14
4.397745e-14
4.403855e-14
4.407039e-14
4.461905e-14
4.441020e-14
4.402460e-14
4.470722e-14
2.424490e-14
2.433741e-15
9.136599e-16
