# Configuracion:
# Concentracion g/m^3_=_10000.0
# C_Vs_to_Am_M_A/Vsm_=_237624902134.5593
# pendiente_HvsI_1/m_=_3716.3
# ordenada_HvsI_A/m_=_1297.0
# frecuencia_ref_Hz_=_268374.983397894
# 
Resultados:
# tau_s_=_(4.80+/-1.55)e+00
# dphi_rad_=_6.29+/-0.00
# SAR_W/g_=_32.54+/-10.95
# Hc_kA/m_=_0.50+/-0.15
# Mr_A/m_=_5.77+/-1.81
# Suceptibilidad_a_M=0_=_0.0037+/-0.0054
Nombre_archivo	Time_m_(s)	Temperatura_(ºC)	Mr_(A/m)	Hc_(kA/m)	Campo_max_(A/m)	Mag_max_(A/m)	f0	mag0	dphi0	SAR_(W/g)	Tau_(ns)	N	xi_M_0
265kHz_150dA_100Mss_bobN1Pmag0010.txt		20.00	5.87	0.54	57041.50	615.09	2.683963e+05	9.774127e+00	6.292130e+00	33.30	5.304285	4471	0.000e+00
265kHz_150dA_100Mss_bobN1Pmag0011.txt		20.00	2.46	0.23	57041.50	617.16	2.683963e+05	9.807276e+00	6.286553e+00	12.58	1.996985	4471	1.081e-02
265kHz_150dA_100Mss_bobN1Pmag0012.txt		20.00	2.42	0.22	57041.50	618.57	2.683963e+05	9.829666e+00	6.286516e+00	12.47	1.975405	4471	1.084e-02
265kHz_150dA_100Mss_bobN1Pmag0013.txt		20.00	4.45	0.41	57041.50	613.19	2.683963e+05	9.743940e+00	6.289857e+00	24.77	3.956600	4471	0.000e+00
265kHz_150dA_100Mss_bobN1Pmag0014.txt		20.00	3.64	0.33	57041.50	626.24	2.683963e+05	9.951384e+00	6.288403e+00	19.78	3.094218	4471	0.000e+00
265kHz_150dA_100Mss_bobN1Pmag0015.txt		20.00	5.03	0.46	57041.50	618.10	2.683963e+05	9.821964e+00	6.290718e+00	28.19	4.467151	4471	0.000e+00
265kHz_150dA_100Mss_bobN1Pmag0016.txt		20.00	3.96	0.36	57041.50	624.03	2.683963e+05	9.916266e+00	6.288943e+00	21.75	3.414439	4471	1.092e-02
265kHz_150dA_100Mss_bobN1Pmag0017.txt		20.00	3.93	0.35	57041.50	634.74	2.683963e+05	1.008634e+01	6.288786e+00	21.52	3.321279	4471	0.000e+00
265kHz_150dA_100Mss_bobN1Pmag0018.txt		20.00	5.85	0.53	57041.50	624.71	2.683963e+05	9.926980e+00	6.291947e+00	33.14	5.196327	4471	0.000e+00
265kHz_150dA_100Mss_bobN1Pmag0019.txt		20.00	3.40	0.31	57041.50	626.71	2.683963e+05	9.958955e+00	6.288017e+00	18.33	2.865556	4471	1.097e-02
265kHz_150dA_100Mss_bobN1Pmag0020.txt		20.00	6.02	0.56	57041.50	615.33	2.683963e+05	9.777941e+00	6.292374e+00	34.23	5.449455	4471	0.000e+00
265kHz_150dA_100Mss_bobN1Pmag0021.txt		20.00	4.81	0.44	57041.50	619.26	2.683963e+05	9.840508e+00	6.290346e+00	26.84	4.246351	4471	0.000e+00
265kHz_150dA_100Mss_bobN1Pmag0022.txt		20.00	2.27	0.21	57041.50	630.28	2.683963e+05	1.001566e+01	6.286179e+00	11.42	1.775078	4471	1.104e-02
265kHz_150dA_100Mss_bobN1Pmag0023.txt		20.00	4.44	0.40	57041.50	630.14	2.683963e+05	1.001339e+01	6.289656e+00	24.68	3.837278	4471	1.103e-02
265kHz_150dA_100Mss_bobN1Pmag0024.txt		20.00	6.98	0.62	57041.50	638.21	2.683963e+05	1.014154e+01	6.293515e+00	39.91	6.126181	4471	0.000e+00
265kHz_150dA_100Mss_bobN1Pmag0025.txt		20.00	6.42	0.59	57041.50	625.09	2.683963e+05	9.933058e+00	6.292838e+00	36.53	5.724238	4471	0.000e+00
265kHz_150dA_100Mss_bobN1Pmag0026.txt		20.00	3.69	0.33	57041.50	629.60	2.683963e+05	1.000476e+01	6.288434e+00	20.01	3.112788	4471	1.103e-02
265kHz_150dA_100Mss_bobN1Pmag0027.txt		20.00	6.14	0.54	57041.50	644.02	2.683363e+05	1.023633e+01	6.292138e+00	34.90	5.309314	4472	1.128e-02
265kHz_150dA_100Mss_bobN1Pmag0028.txt		20.00	7.39	0.64	57041.50	654.57	2.683963e+05	1.040144e+01	6.293862e+00	42.31	6.331879	4471	0.000e+00
265kHz_150dA_100Mss_bobN1Pmag0029.txt		20.00	7.30	0.64	57041.50	653.02	2.683963e+05	1.037691e+01	6.293765e+00	41.82	6.274460	4471	0.000e+00
265kHz_150dA_100Mss_bobN1Pmag0030.txt		20.00	6.43	0.55	57041.50	670.17	2.683963e+05	1.064936e+01	6.292187e+00	36.52	5.338139	4471	0.000e+00
265kHz_150dA_100Mss_bobN1Pmag0031.txt		20.00	6.01	0.51	57041.50	669.02	2.683363e+05	1.063357e+01	6.291627e+00	34.19	5.006494	4472	0.000e+00
265kHz_150dA_100Mss_bobN1Pmag0032.txt		20.00	8.14	0.70	57041.50	661.99	2.683363e+05	1.052185e+01	6.294886e+00	46.89	6.939216	4472	0.000e+00
265kHz_150dA_100Mss_bobN1Pmag0033.txt		20.00	5.83	0.51	57041.50	650.95	2.683963e+05	1.034405e+01	6.291507e+00	32.79	4.935098	4471	0.000e+00
265kHz_150dA_100Mss_bobN1Pmag0034.txt		20.00	3.55	0.31	57041.50	652.03	2.683963e+05	1.036137e+01	6.288039e+00	19.16	2.878201	4471	1.142e-02
265kHz_150dA_100Mss_bobN1Pmag0035.txt		20.00	3.15	0.28	57041.50	642.34	2.683963e+05	1.020745e+01	6.287501e+00	16.78	2.559237	4471	1.125e-02
265kHz_150dA_100Mss_bobN1Pmag0036.txt		20.00	7.63	0.67	57041.50	646.43	2.683963e+05	1.027220e+01	6.294365e+00	43.75	6.630194	4471	0.000e+00
265kHz_150dA_100Mss_bobN1Pmag0037.txt		20.00	5.90	0.52	57041.50	643.30	2.683963e+05	1.022244e+01	6.291735e+00	33.30	5.070542	4471	0.000e+00
265kHz_150dA_100Mss_bobN1Pmag0038.txt		20.00	5.18	0.46	57041.50	639.74	2.683363e+05	1.016821e+01	6.290729e+00	29.22	4.473962	4472	1.120e-02
265kHz_150dA_100Mss_bobN1Pmag0039.txt		20.00	6.81	0.60	57041.50	650.99	2.683963e+05	1.034456e+01	6.293054e+00	38.89	5.852328	4471	0.000e+00
265kHz_150dA_100Mss_bobN1Pmag0040.txt		20.00	1.57	0.14	57041.50	647.31	2.683963e+05	1.028647e+01	6.285023e+00	7.20	1.089915	4471	1.133e-02
265kHz_150dA_100Mss_bobN1Pmag0041.txt		20.00	4.94	0.43	57041.50	656.41	2.683963e+05	1.043084e+01	6.290103e+00	27.49	4.102554	4471	0.000e+00
265kHz_150dA_100Mss_bobN1Pmag0042.txt		20.00	4.32	0.37	57041.50	662.43	2.683963e+05	1.052650e+01	6.289092e+00	23.69	3.502845	4471	1.159e-02
265kHz_150dA_100Mss_bobN1Pmag0043.txt		20.00	4.47	0.39	57041.50	653.99	2.683963e+05	1.039226e+01	6.289441e+00	24.77	3.710115	4471	0.000e+00
265kHz_150dA_100Mss_bobN1Pmag0044.txt		20.00	7.63	0.66	57041.50	659.43	2.683963e+05	1.047867e+01	6.294132e+00	43.70	6.491703	4471	0.000e+00
265kHz_150dA_100Mss_bobN1Pmag0045.txt		20.00	5.60	0.49	57041.50	654.72	2.683363e+05	1.040636e+01	6.291176e+00	31.67	4.738788	4472	0.000e+00
265kHz_150dA_100Mss_bobN1Pmag0046.txt		20.00	6.68	0.58	57041.50	653.85	2.683963e+05	1.039014e+01	6.292805e+00	38.08	5.704771	4471	0.000e+00
265kHz_150dA_100Mss_bobN1Pmag0047.txt		20.00	9.10	0.78	57041.50	667.15	2.683363e+05	1.060386e+01	6.296261e+00	52.81	7.754999	4472	0.000e+00
265kHz_150dA_100Mss_bobN1Pmag0048.txt		20.00	5.42	0.47	57041.50	661.00	2.683363e+05	1.050618e+01	6.290808e+00	30.50	4.520365	4472	0.000e+00
265kHz_150dA_100Mss_bobN1Pmag0049.txt		20.00	6.42	0.54	57041.50	672.59	2.683963e+05	1.068788e+01	6.292137e+00	36.45	5.308787	4471	0.000e+00
265kHz_150dA_100Mss_bobN1Pmag0050.txt		20.00	6.61	0.57	57041.50	657.60	2.683963e+05	1.044959e+01	6.292650e+00	37.68	5.612980	4471	0.000e+00
265kHz_150dA_100Mss_bobN1Pmag0051.txt		20.00	5.50	0.47	57041.50	662.73	2.683363e+05	1.053363e+01	6.290943e+00	31.13	4.600789	4472	1.160e-02
265kHz_150dA_100Mss_bobN1Pmag0052.txt		20.00	5.33	0.46	57041.50	668.41	2.683963e+05	1.062147e+01	6.290575e+00	29.90	4.382359	4471	0.000e+00
265kHz_150dA_100Mss_bobN1Pmag0053.txt		20.00	5.58	0.48	57041.50	667.91	2.683963e+05	1.061345e+01	6.290941e+00	31.36	4.599290	4471	0.000e+00
265kHz_150dA_100Mss_bobN1Pmag0054.txt		20.00	6.09	0.52	57041.50	673.44	2.683963e+05	1.070143e+01	6.291622e+00	34.39	5.003180	4471	0.000e+00
265kHz_150dA_100Mss_bobN1Pmag0055.txt		20.00	5.37	0.46	57041.50	668.20	2.683963e+05	1.061809e+01	6.290620e+00	30.07	4.408843	4471	0.000e+00
265kHz_150dA_100Mss_bobN1Pmag0056.txt		20.00	6.97	0.60	57041.50	659.26	2.683963e+05	1.047599e+01	6.293143e+00	39.74	5.905530	4471	0.000e+00
265kHz_150dA_100Mss_bobN1Pmag0057.txt		20.00	7.08	0.61	57041.50	667.56	2.683363e+05	1.061037e+01	6.293234e+00	40.61	5.959337	4472	0.000e+00
265kHz_150dA_100Mss_bobN1Pmag0058.txt		20.00	4.16	0.35	57041.50	678.73	2.683963e+05	1.078555e+01	6.288720e+00	22.74	3.282489	4471	1.188e-02
265kHz_150dA_100Mss_bobN1Pmag0059.txt		20.00	3.65	0.31	57041.50	671.38	2.683963e+05	1.066876e+01	6.288007e+00	19.60	2.859575	4471	1.176e-02
265kHz_150dA_100Mss_bobN1Pmag0060.txt		20.00	6.18	0.52	57041.50	681.22	2.683363e+05	1.082763e+01	6.291699e+00	35.11	5.049211	4472	1.193e-02
265kHz_150dA_100Mss_bobN1Pmag0061.txt		20.00	5.17	0.44	57041.50	666.61	2.683963e+05	1.059283e+01	6.290324e+00	28.81	4.233343	4471	0.000e+00
265kHz_150dA_100Mss_bobN1Pmag0062.txt		20.00	7.35	0.63	57041.50	668.33	2.683963e+05	1.062015e+01	6.293561e+00	41.98	6.153254	4471	0.000e+00
265kHz_150dA_100Mss_bobN1Pmag0063.txt		20.00	4.02	0.34	57041.50	666.81	2.683963e+05	1.059615e+01	6.288592e+00	21.83	3.206448	4471	1.168e-02
265kHz_150dA_100Mss_bobN1Pmag0064.txt		20.00	8.37	0.70	57041.50	682.19	2.683363e+05	1.084286e+01	6.294877e+00	48.28	6.933760	4472	1.195e-02
265kHz_150dA_100Mss_bobN1Pmag0065.txt		20.00	7.58	0.63	57041.50	683.58	2.683963e+05	1.086247e+01	6.293659e+00	43.34	6.211497	4471	0.000e+00
265kHz_150dA_100Mss_bobN1Pmag0066.txt		20.00	5.77	0.49	57041.50	668.60	2.683363e+05	1.062687e+01	6.291239e+00	32.60	4.776303	4472	0.000e+00
265kHz_150dA_100Mss_bobN1Pmag0067.txt		20.00	6.93	0.58	57041.50	679.64	2.683963e+05	1.079987e+01	6.292791e+00	39.52	5.696724	4471	0.000e+00
265kHz_150dA_100Mss_bobN1Pmag0068.txt		20.00	7.18	0.60	57041.50	687.89	2.683363e+05	1.093343e+01	6.293056e+00	41.10	5.853626	4472	0.000e+00
265kHz_150dA_100Mss_bobN1Pmag0069.txt		20.00	4.76	0.40	57041.50	680.69	2.683963e+05	1.081664e+01	6.289571e+00	26.32	3.787179	4471	1.191e-02
265kHz_150dA_100Mss_bobN1Pmag0070.txt		20.00	6.64	0.55	57041.50	689.41	2.683363e+05	1.095774e+01	6.292252e+00	37.84	5.377055	4472	0.000e+00
265kHz_150dA_100Mss_bobN1Pmag0071.txt		20.00	6.09	0.51	57041.50	677.79	2.683963e+05	1.077046e+01	6.291592e+00	34.49	4.985582	4471	0.000e+00
265kHz_150dA_100Mss_bobN1Pmag0072.txt		20.00	4.97	0.41	57041.50	691.59	2.683363e+05	1.099246e+01	6.289800e+00	27.70	3.922941	4472	0.000e+00
265kHz_150dA_100Mss_bobN1Pmag0073.txt		20.00	4.88	0.40	57041.50	702.49	2.683963e+05	1.116304e+01	6.289591e+00	27.24	3.798734	4471	0.000e+00
265kHz_150dA_100Mss_bobN1Pmag0074.txt		20.00	2.12	0.17	57041.50	696.09	2.683963e+05	1.106170e+01	6.285615e+00	10.24	1.440847	4471	1.219e-02
265kHz_150dA_100Mss_bobN1Pmag0075.txt		20.00	4.60	0.38	57041.50	688.07	2.683363e+05	1.093656e+01	6.289316e+00	25.54	3.635770	4472	1.205e-02
265kHz_150dA_100Mss_bobN1Pmag0076.txt		20.00	5.93	0.49	57041.50	686.20	2.683963e+05	1.090419e+01	6.291209e+00	33.33	4.758411	4471	0.000e+00
265kHz_150dA_100Mss_bobN1Pmag0077.txt		20.00	5.49	0.45	57041.50	697.25	2.683963e+05	1.107979e+01	6.290458e+00	30.70	4.313119	4471	0.000e+00
265kHz_150dA_100Mss_bobN1Pmag0078.txt		20.00	3.74	0.31	57041.50	696.09	2.683963e+05	1.106150e+01	6.287915e+00	19.93	2.805091	4471	1.219e-02
265kHz_150dA_100Mss_bobN1Pmag0079.txt		20.00	8.69	0.72	57041.50	687.98	2.683963e+05	1.093242e+01	6.295193e+00	50.01	7.121149	4471	0.000e+00
265kHz_150dA_100Mss_bobN1Pmag0080.txt		20.00	7.42	0.60	57041.50	702.54	2.683363e+05	1.116638e+01	6.293187e+00	42.54	5.931479	4472	0.000e+00
265kHz_150dA_100Mss_bobN1Pmag0081.txt		20.00	6.48	0.53	57041.50	701.34	2.683363e+05	1.114737e+01	6.291885e+00	36.94	5.159544	4472	0.000e+00
265kHz_150dA_100Mss_bobN1Pmag0082.txt		20.00	8.34	0.68	57041.50	696.75	2.683963e+05	1.107183e+01	6.294605e+00	48.17	6.772630	4471	0.000e+00
265kHz_150dA_100Mss_bobN1Pmag0083.txt		20.00	8.89	0.72	57041.50	706.75	2.683363e+05	1.123332e+01	6.295233e+00	51.55	7.145145	4472	0.000e+00
265kHz_150dA_100Mss_bobN1Pmag0084.txt		20.00	7.48	0.61	57041.50	694.57	2.683963e+05	1.103713e+01	6.293336e+00	42.68	6.019853	4471	0.000e+00
265kHz_150dA_100Mss_bobN1Pmag0085.txt		20.00	7.61	0.62	57041.50	702.60	2.683963e+05	1.116470e+01	6.293432e+00	43.58	6.076628	4471	0.000e+00
265kHz_150dA_100Mss_bobN1Pmag0086.txt		20.00	7.68	0.62	57041.50	704.75	2.683363e+05	1.120155e+01	6.293510e+00	44.05	6.122826	4472	1.234e-02
265kHz_150dA_100Mss_bobN1Pmag0087.txt		20.00	11.81	0.98	57041.50	687.72	2.683363e+05	1.093091e+01	6.299792e+00	69.14	9.849073	4472	1.205e-02
