4.531552e-14
4.547025e-14
4.557604e-14
4.517667e-14
4.613656e-14
4.553581e-14
4.597270e-14
4.676361e-14
4.602376e-14
4.617172e-14
4.533132e-14
4.562336e-14
4.643424e-14
4.642589e-14
4.701826e-14
4.605036e-14
4.638611e-14
4.745415e-14
4.822350e-14
4.810699e-14
4.937406e-14
4.929370e-14
4.877380e-14
4.795841e-14
4.803915e-14
4.732374e-14
4.762211e-14
4.739174e-14
4.713540e-14
4.795904e-14
4.769111e-14
4.835973e-14
4.880215e-14
4.818431e-14
4.857929e-14
4.824162e-14
4.816993e-14
4.915510e-14
4.870463e-14
4.955105e-14
4.844683e-14
4.883056e-14
4.924337e-14
4.920684e-14
4.961465e-14
4.922725e-14
4.856848e-14
4.918710e-14
5.000584e-14
4.946191e-14
5.019572e-14
4.911024e-14
4.923436e-14
4.912853e-14
5.026334e-14
5.035994e-14
4.926202e-14
5.007031e-14
5.068263e-14
5.014771e-14
5.079472e-14
4.993285e-14
5.095832e-14
5.175440e-14
5.128784e-14
5.069886e-14
5.055268e-14
5.137044e-14
5.128423e-14
5.068166e-14
5.176540e-14
5.167805e-14
5.132973e-14
5.207282e-14
5.117049e-14
5.175916e-14
5.192581e-14
5.066753e-14
1.151091e-14
7.393634e-15
