1.053056e-02
1.069979e-02
1.066124e-02
1.084331e-02
1.089265e-02
1.070195e-02
1.067256e-02
1.081114e-02
1.056578e-02
1.090132e-02
1.099338e-02
1.090692e-02
1.074238e-02
1.080872e-02
1.095194e-02
1.074175e-02
1.093310e-02
1.093456e-02
1.075875e-02
1.076472e-02
1.111728e-02
1.110911e-02
1.102072e-02
1.105122e-02
1.100948e-02
1.128880e-02
1.104432e-02
1.114831e-02
1.099959e-02
1.096075e-02
1.097405e-02
1.133492e-02
1.124369e-02
1.108830e-02
1.114772e-02
1.137265e-02
1.121609e-02
1.139548e-02
1.116763e-02
1.116349e-02
1.128297e-02
1.127906e-02
1.145003e-02
1.127801e-02
1.120650e-02
1.130108e-02
1.142117e-02
1.149624e-02
1.143690e-02
1.137362e-02
1.141905e-02
1.197403e-02
1.169500e-02
1.142171e-02
1.141565e-02
1.142738e-02
1.152248e-02
1.138391e-02
1.163548e-02
1.172543e-02
1.176370e-02
1.155517e-02
1.148748e-02
1.149284e-02
1.175436e-02
1.177156e-02
1.171984e-02
1.193499e-02
1.168951e-02
1.169798e-02
1.187169e-02
1.179518e-02
1.178952e-02
1.177386e-02
1.176664e-02
1.183949e-02
1.209899e-02
1.229395e-02
1.192976e-02
