4.306030e-14
4.319664e-14
4.244582e-14
4.252139e-14
4.258552e-14
4.242125e-14
4.208398e-14
4.274949e-14
4.244065e-14
4.276079e-14
4.226453e-14
4.252287e-14
4.237636e-14
4.307613e-14
4.242067e-14
4.238823e-14
4.280774e-14
4.170187e-14
4.192167e-14
4.141702e-14
4.182233e-14
4.240146e-14
4.136142e-14
4.275050e-14
4.173739e-14
4.176402e-14
4.168197e-14
4.241902e-14
4.176827e-14
4.195971e-14
4.170310e-14
4.129119e-14
4.258892e-14
4.194059e-14
4.238355e-14
4.081020e-14
4.162121e-14
4.238150e-14
4.221729e-14
4.426222e-14
4.348073e-14
4.329003e-14
4.335459e-14
4.274280e-14
4.263886e-14
4.215657e-14
4.353914e-14
4.259384e-14
4.354554e-14
4.252663e-14
4.224953e-14
4.229583e-14
4.232713e-14
4.238131e-14
4.328040e-14
4.347482e-14
4.228572e-14
4.316192e-14
4.348462e-14
4.162352e-14
4.160606e-14
4.279812e-14
4.227176e-14
4.277552e-14
4.241314e-14
4.304405e-14
4.433172e-14
4.357383e-14
4.259276e-14
4.314191e-14
4.319541e-14
4.361470e-14
4.215269e-14
4.244080e-14
4.213581e-14
4.264248e-14
4.266518e-14
4.171742e-14
4.283767e-14
4.220077e-14
