1.094406e-02
1.078321e-02
1.101591e-02
1.099113e-02
1.104387e-02
1.070423e-02
1.078579e-02
1.083760e-02
1.092043e-02
1.085603e-02
1.079205e-02
1.091903e-02
1.086629e-02
1.133648e-02
1.114724e-02
1.104689e-02
1.119111e-02
1.084629e-02
1.090850e-02
1.121011e-02
1.132432e-02
1.080041e-02
1.142568e-02
1.087843e-02
1.061297e-02
1.126886e-02
1.158268e-02
1.129499e-02
1.142321e-02
1.083950e-02
1.101721e-02
1.139748e-02
1.098711e-02
1.162189e-02
1.105500e-02
1.109250e-02
1.128674e-02
1.109568e-02
1.099409e-02
1.161905e-02
1.122930e-02
1.123489e-02
1.124343e-02
1.128512e-02
1.101457e-02
1.127003e-02
1.085341e-02
1.145565e-02
1.132199e-02
1.147939e-02
1.140411e-02
1.104326e-02
1.154105e-02
1.148996e-02
1.137652e-02
1.167543e-02
1.200298e-02
1.169518e-02
1.156718e-02
1.107359e-02
1.127061e-02
1.112744e-02
1.148576e-02
1.167586e-02
1.189027e-02
1.207765e-02
1.167293e-02
1.120788e-02
1.149587e-02
1.135774e-02
1.155543e-02
1.153353e-02
1.168209e-02
1.091423e-02
1.186041e-02
1.193838e-02
1.196745e-02
1.161758e-02
