# Temperatura_=_20.0
# Concentracion g/m^3_=_10000.0
# C_Vs_to_Am_M_A/Vsm_=_237624902134.5593
# pendiente_HvsI_1/m_=_3716.3
# ordenada_HvsI_A/m_=_1297.0
# frecuencia_Hz_=_238305.59769754458
# Promedio de 77 ciclos

Tiempo_(s)	Campo_(V.s)	Magnetizacion_(V.s)	Campo_(kA/m)	Magnetizacion_(A/m)
0.000000e+00	-8.894267e-10	-2.528004e-09	-5.693450e+01	-5.942938e+02
1.000000e-08	-8.892545e-10	-2.526777e-09	-5.692348e+01	-5.942493e+02
2.000000e-08	-8.888811e-10	-2.527635e-09	-5.689958e+01	-5.940715e+02
3.000000e-08	-8.883261e-10	-2.525162e-09	-5.686405e+01	-5.937603e+02
4.000000e-08	-8.876057e-10	-2.520205e-09	-5.681794e+01	-5.933159e+02
5.000000e-08	-8.867194e-10	-2.516285e-09	-5.676120e+01	-5.927383e+02
6.000000e-08	-8.856236e-10	-2.511435e-09	-5.669106e+01	-5.920277e+02
7.000000e-08	-8.843053e-10	-2.505319e-09	-5.660667e+01	-5.911843e+02
8.000000e-08	-8.827759e-10	-2.494793e-09	-5.650877e+01	-5.902081e+02
9.000000e-08	-8.810088e-10	-2.487483e-09	-5.639565e+01	-5.890995e+02
1.000000e-07	-8.789856e-10	-2.514014e-09	-5.626614e+01	-5.878587e+02
1.100000e-07	-8.767304e-10	-2.520756e-09	-5.612178e+01	-5.864860e+02
1.200000e-07	-8.743056e-10	-2.489767e-09	-5.596657e+01	-5.849816e+02
1.300000e-07	-8.717591e-10	-2.480257e-09	-5.580356e+01	-5.833459e+02
1.400000e-07	-8.691031e-10	-2.425092e-09	-5.563354e+01	-5.815794e+02
1.500000e-07	-8.662603e-10	-2.400074e-09	-5.545157e+01	-5.796823e+02
1.600000e-07	-8.631742e-10	-2.475549e-09	-5.525402e+01	-5.776550e+02
1.700000e-07	-8.599277e-10	-2.401040e-09	-5.504620e+01	-5.754982e+02
1.800000e-07	-8.564842e-10	-2.389435e-09	-5.482578e+01	-5.732122e+02
1.900000e-07	-8.528087e-10	-2.501125e-09	-5.459049e+01	-5.707975e+02
2.000000e-07	-8.490099e-10	-2.407302e-09	-5.434733e+01	-5.682548e+02
2.100000e-07	-8.450582e-10	-2.372221e-09	-5.409437e+01	-5.655845e+02
2.200000e-07	-8.409266e-10	-2.407155e-09	-5.382989e+01	-5.627872e+02
2.300000e-07	-8.365914e-10	-2.333965e-09	-5.355238e+01	-5.598637e+02
2.400000e-07	-8.319839e-10	-2.346296e-09	-5.325745e+01	-5.568145e+02
2.500000e-07	-8.271729e-10	-2.355474e-09	-5.294948e+01	-5.536403e+02
2.600000e-07	-8.221884e-10	-2.321680e-09	-5.263041e+01	-5.503419e+02
2.700000e-07	-8.169904e-10	-2.350214e-09	-5.229768e+01	-5.469199e+02
2.800000e-07	-8.115976e-10	-2.318369e-09	-5.195247e+01	-5.433752e+02
2.900000e-07	-8.060214e-10	-2.279290e-09	-5.159553e+01	-5.397085e+02
3.000000e-07	-8.002732e-10	-2.254868e-09	-5.122757e+01	-5.359207e+02
3.100000e-07	-7.943301e-10	-2.220680e-09	-5.084714e+01	-5.320126e+02
3.200000e-07	-7.881733e-10	-2.224825e-09	-5.045303e+01	-5.279851e+02
3.300000e-07	-7.818375e-10	-2.231093e-09	-5.004745e+01	-5.238391e+02
3.400000e-07	-7.753432e-10	-2.215722e-09	-4.963174e+01	-5.195755e+02
3.500000e-07	-7.687024e-10	-2.180863e-09	-4.920664e+01	-5.151953e+02
3.600000e-07	-7.618830e-10	-2.169944e-09	-4.877012e+01	-5.106995e+02
3.700000e-07	-7.548646e-10	-2.141069e-09	-4.832085e+01	-5.060890e+02
3.800000e-07	-7.476735e-10	-2.080380e-09	-4.786053e+01	-5.013649e+02
3.900000e-07	-7.403046e-10	-2.070053e-09	-4.738883e+01	-4.965283e+02
4.000000e-07	-7.327518e-10	-2.070005e-09	-4.690535e+01	-4.915802e+02
4.100000e-07	-7.250136e-10	-2.058345e-09	-4.641001e+01	-4.865218e+02
4.200000e-07	-7.170957e-10	-2.041159e-09	-4.590317e+01	-4.813542e+02
4.300000e-07	-7.090174e-10	-1.998704e-09	-4.538606e+01	-4.760785e+02
4.400000e-07	-7.007850e-10	-1.964664e-09	-4.485908e+01	-4.706959e+02
4.500000e-07	-6.924012e-10	-1.941276e-09	-4.432241e+01	-4.652077e+02
4.600000e-07	-6.838682e-10	-1.919918e-09	-4.377619e+01	-4.596151e+02
4.700000e-07	-6.751958e-10	-1.894356e-09	-4.322105e+01	-4.539192e+02
4.800000e-07	-6.663911e-10	-1.874542e-09	-4.265743e+01	-4.481215e+02
4.900000e-07	-6.574465e-10	-1.865999e-09	-4.208486e+01	-4.422232e+02
5.000000e-07	-6.483477e-10	-1.840413e-09	-4.150243e+01	-4.362256e+02
5.100000e-07	-6.390945e-10	-1.799763e-09	-4.091011e+01	-4.301300e+02
5.200000e-07	-6.297101e-10	-1.752963e-09	-4.030939e+01	-4.239379e+02
5.300000e-07	-6.202050e-10	-1.727483e-09	-3.970094e+01	-4.176507e+02
5.400000e-07	-6.105612e-10	-1.716301e-09	-3.908362e+01	-4.112696e+02
5.500000e-07	-6.007658e-10	-1.693253e-09	-3.845659e+01	-4.047962e+02
5.600000e-07	-5.908327e-10	-1.662528e-09	-3.782075e+01	-3.982319e+02
5.700000e-07	-5.807720e-10	-1.629968e-09	-3.717674e+01	-3.915782e+02
5.800000e-07	-5.705898e-10	-1.602626e-09	-3.652495e+01	-3.848366e+02
5.900000e-07	-5.602858e-10	-1.570731e-09	-3.586536e+01	-3.780086e+02
6.000000e-07	-5.498530e-10	-1.534813e-09	-3.519753e+01	-3.710957e+02
6.100000e-07	-5.392904e-10	-1.502213e-09	-3.452139e+01	-3.640994e+02
6.200000e-07	-5.286044e-10	-1.480360e-09	-3.383736e+01	-3.570214e+02
6.300000e-07	-5.177958e-10	-1.461334e-09	-3.314547e+01	-3.498633e+02
6.400000e-07	-5.068659e-10	-1.427409e-09	-3.244582e+01	-3.426265e+02
6.500000e-07	-4.958352e-10	-1.380979e-09	-3.173971e+01	-3.353128e+02
6.600000e-07	-4.847030e-10	-1.340087e-09	-3.102711e+01	-3.279238e+02
6.700000e-07	-4.734542e-10	-1.312779e-09	-3.030705e+01	-3.204612e+02
6.800000e-07	-4.620800e-10	-1.287414e-09	-2.957896e+01	-3.129265e+02
6.900000e-07	-4.505878e-10	-1.260918e-09	-2.884331e+01	-3.053216e+02
7.000000e-07	-4.389865e-10	-1.231777e-09	-2.810069e+01	-2.976481e+02
7.100000e-07	-4.272755e-10	-1.202449e-09	-2.735103e+01	-2.899077e+02
7.200000e-07	-4.154646e-10	-1.168447e-09	-2.659499e+01	-2.821023e+02
7.300000e-07	-4.035599e-10	-1.127097e-09	-2.583294e+01	-2.742334e+02
7.400000e-07	-3.915625e-10	-1.084929e-09	-2.506495e+01	-2.663029e+02
7.500000e-07	-3.794711e-10	-1.051589e-09	-2.429095e+01	-2.583126e+02
7.600000e-07	-3.672926e-10	-1.030265e-09	-2.351138e+01	-2.502642e+02
7.700000e-07	-3.550348e-10	-1.003533e-09	-2.272672e+01	-2.421597e+02
7.800000e-07	-3.427010e-10	-9.673492e-10	-2.193720e+01	-2.340006e+02
7.900000e-07	-3.302885e-10	-9.259543e-10	-2.114265e+01	-2.257890e+02
8.000000e-07	-3.177969e-10	-8.870892e-10	-2.034303e+01	-2.175267e+02
8.100000e-07	-3.052360e-10	-8.478275e-10	-1.953897e+01	-2.092154e+02
8.200000e-07	-2.926134e-10	-8.062211e-10	-1.873097e+01	-2.008571e+02
8.300000e-07	-2.799376e-10	-7.705525e-10	-1.791955e+01	-1.924537e+02
8.400000e-07	-2.672054e-10	-7.434660e-10	-1.710453e+01	-1.840070e+02
8.500000e-07	-2.544137e-10	-7.178417e-10	-1.628570e+01	-1.755189e+02
8.600000e-07	-2.415640e-10	-6.815504e-10	-1.546316e+01	-1.669913e+02
8.700000e-07	-2.286607e-10	-6.363091e-10	-1.463719e+01	-1.584261e+02
8.800000e-07	-2.157085e-10	-5.907629e-10	-1.380809e+01	-1.498253e+02
8.900000e-07	-2.027134e-10	-5.507506e-10	-1.297624e+01	-1.411908e+02
9.000000e-07	-1.896759e-10	-5.128468e-10	-1.214167e+01	-1.325245e+02
9.100000e-07	-1.765980e-10	-4.737387e-10	-1.130452e+01	-1.238284e+02
9.200000e-07	-1.634873e-10	-4.372565e-10	-1.046527e+01	-1.151044e+02
9.300000e-07	-1.503416e-10	-4.063026e-10	-9.623781e+00	-1.063544e+02
9.400000e-07	-1.371615e-10	-3.756961e-10	-8.780087e+00	-9.758047e+01
9.500000e-07	-1.239475e-10	-3.368609e-10	-7.934229e+00	-8.878454e+01
9.600000e-07	-1.107046e-10	-2.900416e-10	-7.086516e+00	-7.996857e+01
9.700000e-07	-9.743590e-11	-2.449117e-10	-6.237151e+00	-7.113456e+01
9.800000e-07	-8.414340e-11	-2.081912e-10	-5.386264e+00	-6.228446e+01
9.900000e-07	-7.082787e-11	-1.738602e-10	-4.533902e+00	-5.342028e+01
1.000000e-06	-5.749349e-11	-1.347937e-10	-3.680333e+00	-4.454400e+01
1.010000e-06	-4.414850e-11	-9.601316e-11	-2.826085e+00	-3.565760e+01
1.020000e-06	-3.079418e-11	-6.214174e-11	-1.971240e+00	-2.676309e+01
1.030000e-06	-1.743143e-11	-2.798056e-11	-1.115854e+00	-1.786245e+01
1.040000e-06	-4.062497e-12	1.155105e-11	-2.600735e-01	-8.957676e+00
1.050000e-06	9.308469e-12	5.515508e-11	5.958376e-01	-5.077308e-02
1.060000e-06	2.267724e-11	9.556854e-11	1.451608e+00	8.856266e+00
1.070000e-06	3.604170e-11	1.299764e-10	2.307103e+00	1.776144e+01
1.080000e-06	4.940057e-11	1.664560e-10	3.162240e+00	2.666276e+01
1.090000e-06	6.274959e-11	2.095771e-10	4.016746e+00	3.555823e+01
1.100000e-06	7.608432e-11	2.516770e-10	4.870337e+00	4.444584e+01
1.110000e-06	8.940223e-11	2.862131e-10	5.722852e+00	5.332362e+01
1.120000e-06	1.027001e-10	3.170324e-10	6.574081e+00	6.218956e+01
1.130000e-06	1.159724e-10	3.526587e-10	7.423678e+00	7.104169e+01
1.140000e-06	1.292142e-10	3.934260e-10	8.271317e+00	7.987801e+01
1.150000e-06	1.424222e-10	4.317810e-10	9.116801e+00	8.869654e+01
1.160000e-06	1.555930e-10	4.678348e-10	9.959896e+00	9.749532e+01
1.170000e-06	1.687264e-10	5.055426e-10	1.080060e+01	1.062724e+02
1.180000e-06	1.818219e-10	5.468081e-10	1.163888e+01	1.150257e+02
1.190000e-06	1.948768e-10	5.866788e-10	1.247455e+01	1.237533e+02
1.200000e-06	2.078876e-10	6.201101e-10	1.330741e+01	1.324534e+02
1.210000e-06	2.208502e-10	6.518675e-10	1.413718e+01	1.411239e+02
1.220000e-06	2.337623e-10	6.877203e-10	1.496371e+01	1.497628e+02
1.230000e-06	2.466191e-10	7.270439e-10	1.578671e+01	1.583683e+02
1.240000e-06	2.594156e-10	7.638380e-10	1.660585e+01	1.669384e+02
1.250000e-06	2.721507e-10	7.964242e-10	1.742105e+01	1.754712e+02
1.260000e-06	2.848262e-10	8.280794e-10	1.823245e+01	1.839648e+02
1.270000e-06	2.974459e-10	8.659831e-10	1.904027e+01	1.924173e+02
1.280000e-06	3.100074e-10	9.037985e-10	1.984436e+01	2.008267e+02
1.290000e-06	3.225011e-10	9.355692e-10	2.064412e+01	2.091912e+02
1.300000e-06	3.349189e-10	9.670853e-10	2.143901e+01	2.175090e+02
1.310000e-06	3.472585e-10	1.000948e-09	2.222890e+01	2.257781e+02
1.320000e-06	3.595206e-10	1.036053e-09	2.301383e+01	2.339967e+02
1.330000e-06	3.717036e-10	1.065507e-09	2.379369e+01	2.421630e+02
1.340000e-06	3.838022e-10	1.095346e-09	2.456816e+01	2.502751e+02
1.350000e-06	3.958116e-10	1.126875e-09	2.533691e+01	2.583312e+02
1.360000e-06	4.077302e-10	1.164012e-09	2.609986e+01	2.663295e+02
1.370000e-06	4.195599e-10	1.199094e-09	2.685710e+01	2.742682e+02
1.380000e-06	4.312963e-10	1.226997e-09	2.760838e+01	2.821456e+02
1.390000e-06	4.429288e-10	1.254493e-09	2.835301e+01	2.899598e+02
1.400000e-06	4.544511e-10	1.284707e-09	2.909058e+01	2.977091e+02
1.410000e-06	4.658627e-10	1.317747e-09	2.982106e+01	3.053918e+02
1.420000e-06	4.771633e-10	1.347153e-09	3.054444e+01	3.130062e+02
1.430000e-06	4.883526e-10	1.375348e-09	3.126070e+01	3.205504e+02
1.440000e-06	4.994366e-10	1.405906e-09	3.197021e+01	3.280230e+02
1.450000e-06	5.104230e-10	1.438235e-09	3.267348e+01	3.354221e+02
1.460000e-06	5.213070e-10	1.466522e-09	3.337020e+01	3.427461e+02
1.470000e-06	5.320760e-10	1.489919e-09	3.405955e+01	3.499934e+02
1.480000e-06	5.427236e-10	1.513430e-09	3.474113e+01	3.571624e+02
1.490000e-06	5.532452e-10	1.541148e-09	3.541464e+01	3.642514e+02
1.500000e-06	5.636352e-10	1.571537e-09	3.607973e+01	3.712588e+02
1.510000e-06	5.738985e-10	1.601942e-09	3.673672e+01	3.781832e+02
1.520000e-06	5.840392e-10	1.627653e-09	3.738585e+01	3.850228e+02
1.530000e-06	5.940482e-10	1.651743e-09	3.802655e+01	3.917763e+02
1.540000e-06	6.039146e-10	1.675743e-09	3.865812e+01	3.984420e+02
1.550000e-06	6.136337e-10	1.697941e-09	3.928027e+01	4.050185e+02
1.560000e-06	6.232088e-10	1.720149e-09	3.989320e+01	4.115044e+02
1.570000e-06	6.326505e-10	1.743742e-09	4.049759e+01	4.178981e+02
1.580000e-06	6.419642e-10	1.773123e-09	4.109378e+01	4.241982e+02
1.590000e-06	6.511409e-10	1.804379e-09	4.168120e+01	4.304033e+02
1.600000e-06	6.601667e-10	1.830829e-09	4.225897e+01	4.365121e+02
1.610000e-06	6.690360e-10	1.850384e-09	4.282671e+01	4.425231e+02
1.620000e-06	6.777537e-10	1.867404e-09	4.338476e+01	4.484350e+02
1.630000e-06	6.863301e-10	1.887185e-09	4.393376e+01	4.542464e+02
1.640000e-06	6.947669e-10	1.908308e-09	4.447382e+01	4.599562e+02
1.650000e-06	7.030529e-10	1.929242e-09	4.500423e+01	4.655630e+02
1.660000e-06	7.111767e-10	1.950670e-09	4.552425e+01	4.710654e+02
1.670000e-06	7.191385e-10	1.975434e-09	4.603391e+01	4.764624e+02
1.680000e-06	7.269414e-10	2.000444e-09	4.653339e+01	4.817527e+02
1.690000e-06	7.345793e-10	2.020414e-09	4.702231e+01	4.869351e+02
1.700000e-06	7.420394e-10	2.035277e-09	4.749986e+01	4.920084e+02
1.710000e-06	7.493211e-10	2.049751e-09	4.796597e+01	4.969716e+02
1.720000e-06	7.564356e-10	2.067636e-09	4.842139e+01	5.018234e+02
1.730000e-06	7.633899e-10	2.087632e-09	4.886656e+01	5.065629e+02
1.740000e-06	7.701810e-10	2.105876e-09	4.930127e+01	5.111889e+02
1.750000e-06	7.767951e-10	2.122803e-09	4.972465e+01	5.157004e+02
1.760000e-06	7.832325e-10	2.140700e-09	5.013673e+01	5.200964e+02
1.770000e-06	7.895069e-10	2.158534e-09	5.053837e+01	5.243759e+02
1.780000e-06	7.956251e-10	2.174077e-09	5.093002e+01	5.285379e+02
1.790000e-06	8.015787e-10	2.186382e-09	5.131112e+01	5.325816e+02
1.800000e-06	8.073469e-10	2.199039e-09	5.168036e+01	5.365060e+02
1.810000e-06	8.129298e-10	2.214329e-09	5.203773e+01	5.403102e+02
1.820000e-06	8.183307e-10	2.229667e-09	5.238346e+01	5.439934e+02
1.830000e-06	8.235251e-10	2.243720e-09	5.271596e+01	5.475547e+02
1.840000e-06	8.284988e-10	2.254975e-09	5.303435e+01	5.509934e+02
1.850000e-06	8.332752e-10	2.267507e-09	5.334009e+01	5.543087e+02
1.860000e-06	8.378793e-10	2.280421e-09	5.363482e+01	5.574998e+02
1.870000e-06	8.423134e-10	2.293300e-09	5.391865e+01	5.605660e+02
1.880000e-06	8.465518e-10	2.305567e-09	5.418997e+01	5.635067e+02
1.890000e-06	8.505906e-10	2.317389e-09	5.444850e+01	5.663211e+02
1.900000e-06	8.544516e-10	2.329147e-09	5.469565e+01	5.690087e+02
1.910000e-06	8.581396e-10	2.337174e-09	5.493173e+01	5.715689e+02
1.920000e-06	8.616338e-10	2.343171e-09	5.515540e+01	5.740010e+02
1.930000e-06	8.649225e-10	2.348599e-09	5.536592e+01	5.763045e+02
1.940000e-06	8.680256e-10	2.356804e-09	5.556456e+01	5.784789e+02
1.950000e-06	8.709552e-10	2.366809e-09	5.575209e+01	5.805238e+02
1.960000e-06	8.736927e-10	2.377020e-09	5.592733e+01	5.824386e+02
1.970000e-06	8.762144e-10	2.386628e-09	5.608875e+01	5.842230e+02
1.980000e-06	8.785345e-10	2.394313e-09	5.623726e+01	5.858765e+02
1.990000e-06	8.806776e-10	2.399334e-09	5.637445e+01	5.873987e+02
2.000000e-06	8.826380e-10	2.400832e-09	5.649994e+01	5.887894e+02
2.010000e-06	8.843959e-10	2.400975e-09	5.661247e+01	5.900481e+02
2.020000e-06	8.859488e-10	2.404103e-09	5.671188e+01	5.911747e+02
2.030000e-06	8.873030e-10	2.410353e-09	5.679856e+01	5.921689e+02
2.040000e-06	8.884391e-10	2.416191e-09	5.687128e+01	5.930304e+02
2.050000e-06	8.893530e-10	2.419917e-09	5.692979e+01	5.937591e+02
2.060000e-06	8.900719e-10	2.423870e-09	5.697581e+01	5.943548e+02
2.070000e-06	8.906113e-10	2.427480e-09	5.701033e+01	5.948173e+02
2.080000e-06	8.909588e-10	2.427630e-09	5.703258e+01	5.951466e+02
2.090000e-06	8.910982e-10	2.424211e-09	5.704150e+01	5.953425e+02
2.100000e-06	8.910465e-10	2.422550e-09	5.703820e+01	5.954052e+02
2.110000e-06	8.908248e-10	2.423626e-09	5.702400e+01	5.953344e+02
2.120000e-06	8.904314e-10	2.422569e-09	5.699882e+01	5.951303e+02
2.130000e-06	8.898417e-10	2.421911e-09	5.696107e+01	5.947928e+02
2.140000e-06	8.890622e-10	2.420736e-09	5.691117e+01	5.943221e+02
2.150000e-06	8.881144e-10	2.417939e-09	5.685050e+01	5.937183e+02
2.160000e-06	8.869677e-10	2.415833e-09	5.677710e+01	5.929815e+02
2.170000e-06	8.856019e-10	2.417601e-09	5.668967e+01	5.921119e+02
2.180000e-06	8.840587e-10	2.426725e-09	5.659089e+01	5.911096e+02
2.190000e-06	8.823330e-10	2.390654e-09	5.648042e+01	5.899749e+02
2.200000e-06	8.803126e-10	2.355784e-09	5.635109e+01	5.887081e+02
2.210000e-06	8.779694e-10	2.370479e-09	5.620110e+01	5.873093e+02
2.220000e-06	8.754019e-10	2.363600e-09	5.603675e+01	5.857791e+02
2.230000e-06	8.727367e-10	2.422228e-09	5.586614e+01	5.841176e+02
2.240000e-06	8.700560e-10	2.406654e-09	5.569454e+01	5.823252e+02
2.250000e-06	8.671693e-10	2.317602e-09	5.550975e+01	5.804024e+02
2.260000e-06	8.640164e-10	2.410096e-09	5.530793e+01	5.783496e+02
2.270000e-06	8.607888e-10	2.379872e-09	5.510133e+01	5.761673e+02
2.280000e-06	8.573349e-10	2.286539e-09	5.488023e+01	5.738559e+02
2.290000e-06	8.536272e-10	2.394604e-09	5.464289e+01	5.714159e+02
2.300000e-06	8.497938e-10	2.360825e-09	5.439751e+01	5.688480e+02
2.310000e-06	8.456887e-10	2.315464e-09	5.413473e+01	5.661526e+02
2.320000e-06	8.414209e-10	2.401271e-09	5.386153e+01	5.633304e+02
2.330000e-06	8.370639e-10	2.340659e-09	5.358263e+01	5.603821e+02
2.340000e-06	8.324664e-10	2.361233e-09	5.328833e+01	5.573082e+02
2.350000e-06	8.277112e-10	2.383512e-09	5.298394e+01	5.541094e+02
2.360000e-06	8.227171e-10	2.292627e-09	5.266426e+01	5.507866e+02
2.370000e-06	8.174648e-10	2.343934e-09	5.232804e+01	5.473404e+02
2.380000e-06	8.120854e-10	2.308939e-09	5.198369e+01	5.437716e+02
2.390000e-06	8.064607e-10	2.276303e-09	5.162365e+01	5.400810e+02
2.400000e-06	8.006608e-10	2.335137e-09	5.125238e+01	5.362694e+02
2.410000e-06	7.947238e-10	2.269305e-09	5.087233e+01	5.323377e+02
2.420000e-06	7.885844e-10	2.251566e-09	5.047934e+01	5.282868e+02
2.430000e-06	7.822831e-10	2.237921e-09	5.007597e+01	5.241175e+02
2.440000e-06	7.757469e-10	2.213441e-09	4.965758e+01	5.198309e+02
2.450000e-06	7.690396e-10	2.204333e-09	4.922822e+01	5.154278e+02
2.460000e-06	7.621718e-10	2.173729e-09	4.878860e+01	5.109093e+02
2.470000e-06	7.551036e-10	2.207892e-09	4.833615e+01	5.062764e+02
2.480000e-06	7.478991e-10	2.159242e-09	4.787497e+01	5.015300e+02
2.490000e-06	7.405009e-10	2.117039e-09	4.740139e+01	4.966714e+02
2.500000e-06	7.329466e-10	2.105933e-09	4.691782e+01	4.917015e+02
2.510000e-06	7.252130e-10	2.059943e-09	4.642277e+01	4.866214e+02
2.520000e-06	7.172642e-10	2.072394e-09	4.591395e+01	4.814324e+02
2.530000e-06	7.091659e-10	2.044678e-09	4.539555e+01	4.761356e+02
2.540000e-06	7.009139e-10	2.026883e-09	4.486732e+01	4.707321e+02
2.550000e-06	6.925496e-10	2.012093e-09	4.433190e+01	4.652233e+02
2.560000e-06	6.840294e-10	1.975759e-09	4.378650e+01	4.596102e+02
2.570000e-06	6.753290e-10	1.959489e-09	4.322957e+01	4.538942e+02
2.580000e-06	6.664820e-10	1.906063e-09	4.266325e+01	4.480766e+02
2.590000e-06	6.574903e-10	1.883080e-09	4.208766e+01	4.421586e+02
2.600000e-06	6.483736e-10	1.873112e-09	4.150408e+01	4.361416e+02
2.610000e-06	6.390992e-10	1.864400e-09	4.091040e+01	4.300270e+02
2.620000e-06	6.296828e-10	1.841855e-09	4.030763e+01	4.238160e+02
2.630000e-06	6.201351e-10	1.793456e-09	3.969646e+01	4.175102e+02
2.640000e-06	6.104579e-10	1.769823e-09	3.907700e+01	4.111108e+02
2.650000e-06	6.006572e-10	1.737063e-09	3.844963e+01	4.046194e+02
2.660000e-06	5.907064e-10	1.712762e-09	3.781266e+01	3.980375e+02
2.670000e-06	5.806196e-10	1.684707e-09	3.716698e+01	3.913663e+02
2.680000e-06	5.704007e-10	1.654335e-09	3.651283e+01	3.846076e+02
2.690000e-06	5.600570e-10	1.635015e-09	3.585071e+01	3.777628e+02
2.700000e-06	5.495900e-10	1.607057e-09	3.518069e+01	3.708334e+02
2.710000e-06	5.390034e-10	1.575575e-09	3.450302e+01	3.638209e+02
2.720000e-06	5.283049e-10	1.531721e-09	3.381817e+01	3.567270e+02
2.730000e-06	5.174917e-10	1.501973e-09	3.312600e+01	3.495533e+02
2.740000e-06	5.065645e-10	1.482470e-09	3.242651e+01	3.423013e+02
2.750000e-06	4.955097e-10	1.457651e-09	3.171887e+01	3.349727e+02
2.760000e-06	4.843369e-10	1.426261e-09	3.100367e+01	3.275691e+02
2.770000e-06	4.730547e-10	1.390276e-09	3.028147e+01	3.200921e+02
2.780000e-06	4.616604e-10	1.360502e-09	2.955209e+01	3.125436e+02
2.790000e-06	4.501441e-10	1.324000e-09	2.881490e+01	3.049251e+02
2.800000e-06	4.385070e-10	1.281892e-09	2.806998e+01	2.972383e+02
2.810000e-06	4.267652e-10	1.243519e-09	2.731836e+01	2.894850e+02
2.820000e-06	4.149227e-10	1.218692e-09	2.656029e+01	2.816670e+02
2.830000e-06	4.029771e-10	1.199393e-09	2.579563e+01	2.737859e+02
2.840000e-06	3.909339e-10	1.168364e-09	2.502471e+01	2.658435e+02
2.850000e-06	3.788139e-10	1.125993e-09	2.424888e+01	2.578417e+02
2.860000e-06	3.666253e-10	1.084295e-09	2.346865e+01	2.497822e+02
2.870000e-06	3.543582e-10	1.050685e-09	2.268340e+01	2.416668e+02
2.880000e-06	3.420007e-10	1.016817e-09	2.189237e+01	2.334973e+02
2.890000e-06	3.295612e-10	9.781899e-10	2.109608e+01	2.252756e+02
2.900000e-06	3.170570e-10	9.430671e-10	2.029565e+01	2.170036e+02
2.910000e-06	3.044908e-10	9.152879e-10	1.949126e+01	2.086830e+02
2.920000e-06	2.918538e-10	8.855131e-10	1.868234e+01	2.003157e+02
2.930000e-06	2.791430e-10	8.471317e-10	1.786868e+01	1.919037e+02
2.940000e-06	2.663728e-10	8.042036e-10	1.705123e+01	1.834487e+02
2.950000e-06	2.535524e-10	7.666158e-10	1.623056e+01	1.749528e+02
2.960000e-06	2.406791e-10	7.343051e-10	1.540651e+01	1.664177e+02
2.970000e-06	2.277558e-10	6.997590e-10	1.457925e+01	1.578455e+02
2.980000e-06	2.147933e-10	6.607640e-10	1.374949e+01	1.492379e+02
2.990000e-06	2.017974e-10	6.235743e-10	1.291759e+01	1.405971e+02
3.000000e-06	1.887620e-10	5.893383e-10	1.208316e+01	1.319249e+02
3.010000e-06	1.756733e-10	5.537029e-10	1.124532e+01	1.232232e+02
3.020000e-06	1.625388e-10	5.149579e-10	1.040454e+01	1.144940e+02
3.030000e-06	1.493753e-10	4.757925e-10	9.561911e+00	1.057392e+02
3.040000e-06	1.361814e-10	4.420922e-10	8.717339e+00	9.696090e+01
3.050000e-06	1.229554e-10	4.085546e-10	7.870709e+00	8.816096e+01
3.060000e-06	1.097008e-10	3.718006e-10	7.022250e+00	7.934138e+01
3.070000e-06	9.642501e-11	3.333877e-10	6.172430e+00	7.050414e+01
3.080000e-06	8.313063e-11	2.954174e-10	5.321423e+00	6.165122e+01
3.090000e-06	6.981430e-11	2.612358e-10	4.469011e+00	5.278461e+01
3.100000e-06	5.647620e-11	2.269383e-10	3.615205e+00	4.390628e+01
3.110000e-06	4.312818e-11	1.903869e-10	2.760764e+00	3.501824e+01
3.120000e-06	2.977721e-11	1.528252e-10	1.906135e+00	2.612247e+01
3.130000e-06	1.641887e-11	1.160216e-10	1.051033e+00	1.722097e+01
3.140000e-06	3.049568e-12	7.965156e-11	1.952300e-01	8.315739e+00
3.150000e-06	-1.032457e-11	4.190209e-11	-6.608826e-01	-5.912309e-01
3.160000e-06	-2.369149e-11	2.962770e-12	-1.516533e+00	-9.497941e+00
3.170000e-06	-3.704932e-11	-3.539106e-11	-2.371602e+00	-1.840239e+01
3.180000e-06	-5.040112e-11	-7.164850e-11	-3.226285e+00	-2.730259e+01
3.190000e-06	-6.374586e-11	-1.088262e-10	-4.080516e+00	-3.619654e+01
3.200000e-06	-7.707529e-11	-1.477295e-10	-4.933767e+00	-4.508225e+01
3.210000e-06	-9.038328e-11	-1.880661e-10	-5.785645e+00	-5.395772e+01
3.220000e-06	-1.036714e-10	-2.284271e-10	-6.636251e+00	-6.282097e+01
3.230000e-06	-1.169399e-10	-2.681533e-10	-7.485605e+00	-7.167000e+01
3.240000e-06	-1.301811e-10	-3.073479e-10	-8.333207e+00	-8.050284e+01
3.250000e-06	-1.433864e-10	-3.459498e-10	-9.178511e+00	-8.931750e+01
3.260000e-06	-1.565541e-10	-3.841836e-10	-1.002141e+01	-9.811200e+01
3.270000e-06	-1.696856e-10	-4.204854e-10	-1.086199e+01	-1.068844e+02
3.280000e-06	-1.827787e-10	-4.569670e-10	-1.170011e+01	-1.156327e+02
3.290000e-06	-1.958248e-10	-4.945148e-10	-1.253523e+01	-1.243549e+02
3.300000e-06	-2.088207e-10	-5.328431e-10	-1.336713e+01	-1.330491e+02
3.310000e-06	-2.217718e-10	-5.698477e-10	-1.419616e+01	-1.417134e+02
3.320000e-06	-2.346831e-10	-6.065538e-10	-1.502265e+01	-1.503457e+02
3.330000e-06	-2.475500e-10	-6.453631e-10	-1.584630e+01	-1.589443e+02
3.340000e-06	-2.603637e-10	-6.844044e-10	-1.666654e+01	-1.675070e+02
3.350000e-06	-2.731164e-10	-7.222362e-10	-1.748287e+01	-1.760321e+02
3.360000e-06	-2.858048e-10	-7.582288e-10	-1.829509e+01	-1.845176e+02
3.370000e-06	-2.984291e-10	-7.945436e-10	-1.910320e+01	-1.929615e+02
3.380000e-06	-3.109854e-10	-8.319194e-10	-1.990697e+01	-2.013621e+02
3.390000e-06	-3.234700e-10	-8.685648e-10	-2.070613e+01	-2.097174e+02
3.400000e-06	-3.358831e-10	-9.036209e-10	-2.150073e+01	-2.180256e+02
3.410000e-06	-3.482207e-10	-9.383707e-10	-2.229049e+01	-2.262847e+02
3.420000e-06	-3.604736e-10	-9.761549e-10	-2.307483e+01	-2.344930e+02
3.430000e-06	-3.726389e-10	-1.016396e-09	-2.385356e+01	-2.426486e+02
3.440000e-06	-3.847230e-10	-1.055605e-09	-2.462709e+01	-2.507496e+02
3.450000e-06	-3.967289e-10	-1.092213e-09	-2.539563e+01	-2.587943e+02
3.460000e-06	-4.086471e-10	-1.126271e-09	-2.615854e+01	-2.667808e+02
3.470000e-06	-4.204652e-10	-1.159665e-09	-2.691505e+01	-2.747074e+02
3.480000e-06	-4.321792e-10	-1.194131e-09	-2.766489e+01	-2.825723e+02
3.490000e-06	-4.437900e-10	-1.228836e-09	-2.840813e+01	-2.903736e+02
3.500000e-06	-4.552934e-10	-1.264508e-09	-2.914449e+01	-2.981098e+02
3.510000e-06	-4.666792e-10	-1.300594e-09	-2.987332e+01	-3.057790e+02
3.520000e-06	-4.779431e-10	-1.336237e-09	-3.059435e+01	-3.133795e+02
3.530000e-06	-4.890895e-10	-1.369908e-09	-3.130786e+01	-3.209095e+02
3.540000e-06	-5.001213e-10	-1.399587e-09	-3.201404e+01	-3.283676e+02
3.550000e-06	-5.110397e-10	-1.430763e-09	-3.271295e+01	-3.357518e+02
3.560000e-06	-5.218499e-10	-1.463827e-09	-3.340494e+01	-3.430607e+02
3.570000e-06	-5.325525e-10	-1.497766e-09	-3.409005e+01	-3.502925e+02
3.580000e-06	-5.431478e-10	-1.530209e-09	-3.476828e+01	-3.574456e+02
3.590000e-06	-5.536359e-10	-1.560481e-09	-3.543965e+01	-3.645184e+02
3.600000e-06	-5.640013e-10	-1.590591e-09	-3.610316e+01	-3.715094e+02
3.610000e-06	-5.742298e-10	-1.620533e-09	-3.675791e+01	-3.784170e+02
3.620000e-06	-5.843229e-10	-1.649580e-09	-3.740400e+01	-3.852396e+02
3.630000e-06	-5.942807e-10	-1.678652e-09	-3.804143e+01	-3.919757e+02
3.640000e-06	-6.041062e-10	-1.708120e-09	-3.867038e+01	-3.986237e+02
3.650000e-06	-6.138060e-10	-1.738187e-09	-3.929130e+01	-4.051823e+02
3.660000e-06	-6.233785e-10	-1.766770e-09	-3.990405e+01	-4.116499e+02
3.670000e-06	-6.328108e-10	-1.794701e-09	-4.050784e+01	-4.180251e+02
3.680000e-06	-6.420966e-10	-1.820011e-09	-4.110225e+01	-4.243064e+02
3.690000e-06	-6.512372e-10	-1.843297e-09	-4.168736e+01	-4.304924e+02
3.700000e-06	-6.602355e-10	-1.869913e-09	-4.226337e+01	-4.365818e+02
3.710000e-06	-6.690936e-10	-1.897480e-09	-4.283040e+01	-4.425731e+02
3.720000e-06	-6.778038e-10	-1.923703e-09	-4.338796e+01	-4.484651e+02
3.730000e-06	-6.863561e-10	-1.949136e-09	-4.393541e+01	-4.542565e+02
3.740000e-06	-6.947493e-10	-1.975130e-09	-4.447268e+01	-4.599458e+02
3.750000e-06	-7.029933e-10	-1.998416e-09	-4.500041e+01	-4.655319e+02
3.760000e-06	-7.110945e-10	-2.019271e-09	-4.551899e+01	-4.710135e+02
3.770000e-06	-7.190459e-10	-2.038295e-09	-4.602797e+01	-4.763893e+02
3.780000e-06	-7.268251e-10	-2.059452e-09	-4.652594e+01	-4.816582e+02
3.790000e-06	-7.344156e-10	-2.085869e-09	-4.701183e+01	-4.868190e+02
3.800000e-06	-7.418289e-10	-2.113326e-09	-4.748638e+01	-4.918704e+02
3.810000e-06	-7.490843e-10	-2.137545e-09	-4.795081e+01	-4.968115e+02
3.820000e-06	-7.561794e-10	-2.159454e-09	-4.840499e+01	-5.016411e+02
3.830000e-06	-7.630961e-10	-2.179838e-09	-4.884774e+01	-5.063580e+02
3.840000e-06	-7.698326e-10	-2.200941e-09	-4.927896e+01	-5.109613e+02
3.850000e-06	-7.764051e-10	-2.216816e-09	-4.969969e+01	-5.154499e+02
3.860000e-06	-7.828205e-10	-2.230881e-09	-5.011036e+01	-5.198228e+02
3.870000e-06	-7.890664e-10	-2.246546e-09	-5.051017e+01	-5.240790e+02
3.880000e-06	-7.951233e-10	-2.264951e-09	-5.089789e+01	-5.282175e+02
3.890000e-06	-8.009978e-10	-2.285488e-09	-5.127393e+01	-5.322375e+02
3.900000e-06	-8.067098e-10	-2.304959e-09	-5.163957e+01	-5.361381e+02
3.910000e-06	-8.122569e-10	-2.326322e-09	-5.199465e+01	-5.399182e+02
3.920000e-06	-8.176047e-10	-2.346674e-09	-5.233698e+01	-5.435773e+02
3.930000e-06	-8.227347e-10	-2.364126e-09	-5.266536e+01	-5.471143e+02
3.940000e-06	-8.276565e-10	-2.373711e-09	-5.298042e+01	-5.505284e+02
3.950000e-06	-8.323708e-10	-2.380861e-09	-5.328219e+01	-5.538191e+02
3.960000e-06	-8.368965e-10	-2.388501e-09	-5.357190e+01	-5.569854e+02
3.970000e-06	-8.412573e-10	-2.399002e-09	-5.385104e+01	-5.600267e+02
3.980000e-06	-8.454527e-10	-2.413575e-09	-5.411961e+01	-5.629423e+02
3.990000e-06	-8.494805e-10	-2.429103e-09	-5.437744e+01	-5.657316e+02
4.000000e-06	-8.533286e-10	-2.444975e-09	-5.462376e+01	-5.683939e+02
4.010000e-06	-8.569746e-10	-2.456261e-09	-5.485715e+01	-5.709286e+02
4.020000e-06	-8.604250e-10	-2.464621e-09	-5.507802e+01	-5.733351e+02
4.030000e-06	-8.636959e-10	-2.470777e-09	-5.528740e+01	-5.756130e+02
4.040000e-06	-8.667803e-10	-2.474485e-09	-5.548484e+01	-5.777617e+02
4.050000e-06	-8.696585e-10	-2.477800e-09	-5.566908e+01	-5.797807e+02
4.060000e-06	-8.723377e-10	-2.482912e-09	-5.584059e+01	-5.816696e+02
4.070000e-06	-8.748342e-10	-2.490381e-09	-5.600040e+01	-5.834280e+02
4.080000e-06	-8.771493e-10	-2.498795e-09	-5.614859e+01	-5.850554e+02
4.090000e-06	-8.792621e-10	-2.506676e-09	-5.628384e+01	-5.865515e+02
4.100000e-06	-8.811700e-10	-2.514050e-09	-5.640597e+01	-5.879159e+02
4.110000e-06	-8.828957e-10	-2.519565e-09	-5.651644e+01	-5.891484e+02
4.120000e-06	-8.844365e-10	-2.521792e-09	-5.661507e+01	-5.902487e+02
4.130000e-06	-8.857602e-10	-2.523772e-09	-5.669980e+01	-5.912165e+02
4.140000e-06	-8.868565e-10	-2.524701e-09	-5.676997e+01	-5.920516e+02
4.150000e-06	-8.877566e-10	-2.523610e-09	-5.682760e+01	-5.927539e+02
4.160000e-06	-8.884760e-10	-2.521496e-09	-5.687364e+01	-5.933231e+02
4.170000e-06	-8.889939e-10	-2.521508e-09	-5.690680e+01	-5.937591e+02
4.180000e-06	-8.893083e-10	-2.524969e-09	-5.692693e+01	-5.940619e+02
4.190000e-06	-8.894408e-10	-2.528055e-09	-5.693540e+01	-5.942313e+02
