1.036383e-02
1.045533e-02
1.039488e-02
1.024813e-02
1.036227e-02
1.054148e-02
1.023624e-02
1.056988e-02
1.055702e-02
1.046337e-02
1.029841e-02
1.035198e-02
1.033340e-02
1.042940e-02
1.040307e-02
1.014370e-02
1.031261e-02
1.025953e-02
1.022811e-02
1.024926e-02
1.051193e-02
1.031093e-02
1.028937e-02
1.042897e-02
1.077472e-02
1.046465e-02
1.064378e-02
1.077731e-02
1.080293e-02
1.042829e-02
1.051972e-02
1.053397e-02
1.043190e-02
1.029763e-02
1.050711e-02
1.052649e-02
1.021551e-02
1.032394e-02
1.041682e-02
1.050767e-02
1.063942e-02
1.034737e-02
1.034942e-02
1.037565e-02
1.042810e-02
1.029413e-02
1.053459e-02
1.029430e-02
1.064179e-02
1.048591e-02
1.038422e-02
1.035371e-02
1.031931e-02
1.040479e-02
1.031291e-02
1.029790e-02
1.035087e-02
1.055761e-02
1.040667e-02
1.031440e-02
1.056792e-02
1.025073e-02
1.039231e-02
1.034200e-02
1.063428e-02
1.029190e-02
1.028599e-02
1.050970e-02
1.032137e-02
1.041898e-02
1.045014e-02
1.046466e-02
1.047222e-02
1.060260e-02
1.055297e-02
1.046134e-02
1.062355e-02
