1.038549e-02
1.063908e-02
1.016875e-02
1.053496e-02
1.060937e-02
1.044043e-02
1.031075e-02
1.014062e-02
1.010765e-02
1.052663e-02
1.052034e-02
9.886225e-03
1.055730e-02
1.034150e-02
1.017960e-02
1.040360e-02
1.047782e-02
1.043312e-02
9.904031e-03
1.029492e-02
1.012325e-02
1.053469e-02
1.036722e-02
1.051373e-02
1.063464e-02
1.035300e-02
1.072185e-02
1.055702e-02
1.076846e-02
1.040664e-02
1.053418e-02
1.052516e-02
1.083576e-02
1.102648e-02
1.063538e-02
1.033488e-02
1.030331e-02
1.025666e-02
1.056838e-02
1.014587e-02
1.085859e-02
1.098249e-02
1.046965e-02
1.063841e-02
1.070417e-02
1.054940e-02
1.104930e-02
1.046799e-02
1.096698e-02
1.079437e-02
1.064502e-02
1.083081e-02
1.052972e-02
1.047822e-02
1.036211e-02
1.092151e-02
1.074321e-02
1.071136e-02
1.099207e-02
1.056628e-02
1.063726e-02
1.091845e-02
1.060230e-02
1.096791e-02
1.066301e-02
1.094581e-02
1.111794e-02
1.095018e-02
1.069161e-02
1.087390e-02
1.108416e-02
1.122259e-02
1.100991e-02
1.076155e-02
1.122641e-02
1.115663e-02
1.072020e-02
1.105439e-02
1.107660e-02
