1.023220e-02
1.026460e-02
1.008618e-02
1.010414e-02
1.011938e-02
1.008034e-02
1.000020e-02
1.015834e-02
1.008496e-02
1.016103e-02
1.004310e-02
1.010449e-02
1.006968e-02
1.023596e-02
1.008021e-02
1.007250e-02
1.017219e-02
9.909403e-03
9.961633e-03
9.841715e-03
9.938027e-03
1.007564e-02
9.828504e-03
1.015858e-02
9.917844e-03
9.924172e-03
9.904675e-03
1.007982e-02
9.925182e-03
9.970673e-03
9.909696e-03
9.811814e-03
1.012019e-02
9.966129e-03
1.007139e-02
9.697520e-03
9.890235e-03
1.007090e-02
1.003188e-02
1.051780e-02
1.033210e-02
1.028679e-02
1.030213e-02
1.015675e-02
1.013205e-02
1.001745e-02
1.034598e-02
1.012136e-02
1.034750e-02
1.010539e-02
1.003954e-02
1.005054e-02
1.005798e-02
1.007086e-02
1.028450e-02
1.033070e-02
1.004814e-02
1.025635e-02
1.033303e-02
9.890786e-03
9.886636e-03
1.016990e-02
1.004482e-02
1.016453e-02
1.007842e-02
1.022834e-02
1.053432e-02
1.035423e-02
1.012110e-02
1.025159e-02
1.026431e-02
1.036394e-02
1.001653e-02
1.008499e-02
1.001252e-02
1.013291e-02
1.013831e-02
9.913096e-03
1.017930e-02
1.002795e-02
