4.434113e-14
4.461691e-14
4.523421e-14
4.446641e-14
4.383886e-14
4.511513e-14
4.549883e-14
4.447033e-14
4.414787e-14
4.543083e-14
4.541986e-14
4.587205e-14
4.521418e-14
4.421106e-14
4.404420e-14
4.658659e-14
4.538966e-14
4.446990e-14
4.461602e-14
4.497823e-14
4.551972e-14
4.661603e-14
4.480395e-14
4.523080e-14
4.526530e-14
4.650736e-14
4.902571e-14
4.710837e-14
4.638428e-14
4.616692e-14
4.718415e-14
4.659391e-14
4.660568e-14
4.686996e-14
4.633229e-14
4.726913e-14
4.750624e-14
4.710957e-14
4.714898e-14
4.701921e-14
4.769354e-14
4.745306e-14
4.814854e-14
4.864903e-14
4.796037e-14
4.905305e-14
4.848262e-14
4.869861e-14
4.857756e-14
4.956288e-14
4.965210e-14
4.890828e-14
4.889132e-14
4.866815e-14
5.009424e-14
5.238974e-14
5.035947e-14
4.931978e-14
5.040780e-14
4.979176e-14
5.020544e-14
5.001288e-14
5.086275e-14
5.073892e-14
5.055004e-14
5.048646e-14
5.155639e-14
4.971613e-14
5.094131e-14
5.141050e-14
5.092239e-14
5.084241e-14
5.229229e-14
5.198860e-14
5.238926e-14
5.167664e-14
5.091894e-14
5.125482e-14
5.228748e-14
5.191375e-14
