1.036946e-02
1.021547e-02
1.011962e-02
1.045808e-02
1.079227e-02
1.044415e-02
1.015967e-02
1.031040e-02
1.018848e-02
1.034257e-02
1.034020e-02
1.026481e-02
1.035931e-02
1.028564e-02
1.009459e-02
1.033951e-02
1.016074e-02
1.032206e-02
1.015439e-02
1.034148e-02
1.030348e-02
1.036303e-02
1.058414e-02
1.018702e-02
1.040819e-02
1.044171e-02
1.042694e-02
1.049679e-02
1.029126e-02
1.063655e-02
1.049273e-02
1.049896e-02
1.016096e-02
1.018531e-02
1.037236e-02
1.021196e-02
1.042970e-02
1.040187e-02
1.026472e-02
1.047695e-02
1.017560e-02
1.023532e-02
1.035217e-02
1.028107e-02
1.042137e-02
1.034730e-02
1.020233e-02
1.034944e-02
1.046561e-02
1.058463e-02
1.043055e-02
1.030821e-02
1.034694e-02
1.030277e-02
1.071027e-02
1.036405e-02
1.019424e-02
1.026439e-02
1.046603e-02
1.043583e-02
1.038185e-02
1.029436e-02
1.031433e-02
1.060731e-02
1.054453e-02
1.028888e-02
1.045913e-02
1.052868e-02
1.042659e-02
1.048331e-02
1.051950e-02
1.053897e-02
1.071464e-02
1.111744e-02
1.047461e-02
1.061357e-02
1.030113e-02
1.049424e-02
1.049845e-02
1.039671e-02
