4.430311e-14
4.487478e-14
4.551857e-14
4.605331e-14
4.510903e-14
4.520945e-14
4.570108e-14
4.631750e-14
4.593372e-14
4.654715e-14
4.536403e-14
4.750911e-14
4.823497e-14
4.530002e-14
4.569435e-14
4.635305e-14
4.712996e-14
4.663807e-14
4.636752e-14
4.737700e-14
4.549140e-14
4.661586e-14
4.771642e-14
4.605457e-14
4.619165e-14
4.674247e-14
4.728167e-14
4.595584e-14
4.636896e-14
4.742785e-14
4.775978e-14
4.657433e-14
4.785949e-14
4.755258e-14
4.674963e-14
4.724677e-14
4.793971e-14
4.696511e-14
4.886062e-14
4.790128e-14
4.759594e-14
4.871746e-14
4.850703e-14
4.815968e-14
4.943179e-14
4.891301e-14
4.846437e-14
4.914132e-14
4.826711e-14
4.827856e-14
4.897335e-14
4.896945e-14
4.980695e-14
5.020263e-14
4.984866e-14
4.932421e-14
4.935550e-14
4.853733e-14
5.046213e-14
5.037389e-14
5.005972e-14
5.014056e-14
5.095679e-14
4.984048e-14
5.137023e-14
5.167170e-14
4.946993e-14
5.333190e-14
5.268516e-14
5.117099e-14
5.332826e-14
5.167924e-14
5.185183e-14
5.223230e-14
5.187793e-14
5.212390e-14
5.316288e-14
5.215449e-14
5.160590e-14
1.258228e-14
