1.052752e-02
1.066336e-02
1.081635e-02
1.094341e-02
1.071903e-02
1.074289e-02
1.085971e-02
1.100619e-02
1.091500e-02
1.106076e-02
1.077962e-02
1.128935e-02
1.146183e-02
1.076441e-02
1.085812e-02
1.101464e-02
1.119925e-02
1.108237e-02
1.101808e-02
1.125795e-02
1.080989e-02
1.107709e-02
1.133861e-02
1.094371e-02
1.097629e-02
1.110718e-02
1.123530e-02
1.092025e-02
1.101842e-02
1.127004e-02
1.134891e-02
1.106722e-02
1.137261e-02
1.129968e-02
1.110888e-02
1.122701e-02
1.139167e-02
1.116008e-02
1.161050e-02
1.138254e-02
1.130998e-02
1.157648e-02
1.152648e-02
1.144394e-02
1.174622e-02
1.162295e-02
1.151634e-02
1.167720e-02
1.146947e-02
1.147219e-02
1.163729e-02
1.163636e-02
1.183537e-02
1.192939e-02
1.184528e-02
1.172066e-02
1.172810e-02
1.153368e-02
1.199106e-02
1.197009e-02
1.189544e-02
1.191465e-02
1.210860e-02
1.184334e-02
1.220684e-02
1.227848e-02
1.175529e-02
1.267299e-02
1.251930e-02
1.215950e-02
1.267212e-02
1.228027e-02
1.232129e-02
1.241170e-02
1.232749e-02
1.238594e-02
1.263282e-02
1.239321e-02
1.226285e-02
