4.558211e-14
4.496773e-14
4.641018e-14
4.641544e-14
4.479407e-14
4.543284e-14
4.470116e-14
4.548890e-14
4.511097e-14
4.517752e-14
4.503744e-14
4.585224e-14
4.522773e-14
4.535657e-14
4.444507e-14
4.403623e-14
4.468004e-14
4.514988e-14
4.499016e-14
4.481575e-14
4.424746e-14
4.490776e-14
4.516755e-14
4.502589e-14
4.490418e-14
4.510320e-14
4.511696e-14
4.543062e-14
4.609087e-14
4.575970e-14
4.508275e-14
4.461542e-14
4.606785e-14
4.669629e-14
4.509117e-14
4.606670e-14
4.592439e-14
4.519352e-14
4.556872e-14
4.601538e-14
4.619384e-14
4.827334e-14
4.650347e-14
4.632508e-14
4.630907e-14
4.737075e-14
4.685140e-14
4.772583e-14
4.651486e-14
4.708349e-14
4.679282e-14
4.660995e-14
4.675326e-14
4.667922e-14
4.650954e-14
4.617356e-14
4.751425e-14
4.701000e-14
4.668397e-14
4.678465e-14
4.561705e-14
4.580012e-14
4.649275e-14
4.626937e-14
4.720106e-14
4.754590e-14
4.707940e-14
4.732192e-14
4.669078e-14
4.680436e-14
4.642732e-14
4.753314e-14
4.747064e-14
4.751598e-14
4.728497e-14
4.735675e-14
4.659626e-14
4.708518e-14
4.808776e-14
4.826119e-14
