4.627480e-14
4.865306e-14
4.602100e-14
4.429520e-14
4.626671e-14
4.764273e-14
4.773177e-14
4.847200e-14
4.606100e-14
4.636082e-14
4.645456e-14
4.800815e-14
4.739110e-14
4.564266e-14
4.595097e-14
4.849105e-14
4.597814e-14
4.952621e-14
4.884812e-14
4.717177e-14
4.819748e-14
4.647906e-14
4.447031e-14
4.588462e-14
4.759396e-14
4.890244e-14
4.717511e-14
4.545487e-14
4.712953e-14
4.779457e-14
4.926300e-14
4.769518e-14
4.822373e-14
4.917339e-14
4.787192e-14
4.836115e-14
4.956121e-14
4.759445e-14
4.715186e-14
4.877425e-14
4.912338e-14
4.808048e-14
4.837860e-14
4.776464e-14
4.981021e-14
4.961894e-14
4.753541e-14
4.840375e-14
4.867925e-14
5.005792e-14
4.833750e-14
4.997837e-14
5.020137e-14
4.868096e-14
4.908149e-14
5.038439e-14
5.020223e-14
4.918694e-14
5.130064e-14
5.019210e-14
5.105641e-14
5.028342e-14
5.042238e-14
5.060670e-14
4.946201e-14
5.176529e-14
4.941634e-14
5.066410e-14
5.128766e-14
4.977469e-14
5.011167e-14
4.788148e-14
4.980675e-14
5.161474e-14
5.206919e-14
4.963982e-14
4.904036e-14
4.945995e-14
5.203072e-14
3.063772e-14
