# Temperatura_=_20.0
# Concentracion g/m^3_=_47000.0
# C_Vs_to_Am_M_A/Vsm_=_116720831517.84952
# pendiente_HvsI_1/m_=_3716.3
# ordenada_HvsI_A/m_=_1297.0
# frecuencia_Hz_=_238305.42463459395
# Promedio de 22 ciclos

Tiempo_(s)	Campo_(V.s)	Magnetizacion_(V.s)	Campo_(kA/m)	Magnetizacion_(A/m)
0.000000e+00	-8.865242e-10	-1.052679e-08	-5.693353e+01	-1.225586e+03
1.000000e-08	-8.863220e-10	-1.052841e-08	-5.692054e+01	-1.225517e+03
2.000000e-08	-8.859206e-10	-1.053302e-08	-5.689476e+01	-1.225402e+03
3.000000e-08	-8.853427e-10	-1.053293e-08	-5.685765e+01	-1.225239e+03
4.000000e-08	-8.845999e-10	-1.052818e-08	-5.680995e+01	-1.225021e+03
5.000000e-08	-8.836861e-10	-1.051995e-08	-5.675126e+01	-1.224742e+03
6.000000e-08	-8.825604e-10	-1.051244e-08	-5.667897e+01	-1.224394e+03
7.000000e-08	-8.812157e-10	-1.050575e-08	-5.659261e+01	-1.223970e+03
8.000000e-08	-8.796579e-10	-1.049515e-08	-5.649257e+01	-1.223463e+03
9.000000e-08	-8.778593e-10	-1.048821e-08	-5.637706e+01	-1.222867e+03
1.000000e-07	-8.758066e-10	-1.053279e-08	-5.624523e+01	-1.222180e+03
1.100000e-07	-8.735326e-10	-1.055557e-08	-5.609919e+01	-1.221399e+03
1.200000e-07	-8.710971e-10	-1.050404e-08	-5.594279e+01	-1.220529e+03
1.300000e-07	-8.685429e-10	-1.048673e-08	-5.577875e+01	-1.219572e+03
1.400000e-07	-8.658760e-10	-1.043890e-08	-5.560748e+01	-1.218536e+03
1.500000e-07	-8.630080e-10	-1.037973e-08	-5.542330e+01	-1.217430e+03
1.600000e-07	-8.599006e-10	-1.049372e-08	-5.522374e+01	-1.216264e+03
1.700000e-07	-8.566386e-10	-1.044339e-08	-5.501425e+01	-1.215048e+03
1.800000e-07	-8.531713e-10	-1.036807e-08	-5.479157e+01	-1.213792e+03
1.900000e-07	-8.494831e-10	-1.051949e-08	-5.455471e+01	-1.212503e+03
2.000000e-07	-8.456760e-10	-1.043267e-08	-5.431022e+01	-1.211188e+03
2.100000e-07	-8.417115e-10	-1.036183e-08	-5.405561e+01	-1.209847e+03
2.200000e-07	-8.375706e-10	-1.044072e-08	-5.378968e+01	-1.208482e+03
2.300000e-07	-8.332166e-10	-1.034288e-08	-5.351006e+01	-1.207085e+03
2.400000e-07	-8.285916e-10	-1.033066e-08	-5.321304e+01	-1.205650e+03
2.500000e-07	-8.237756e-10	-1.036915e-08	-5.290375e+01	-1.204165e+03
2.600000e-07	-8.187858e-10	-1.030966e-08	-5.258330e+01	-1.202614e+03
2.700000e-07	-8.135817e-10	-1.033550e-08	-5.224909e+01	-1.200982e+03
2.800000e-07	-8.081814e-10	-1.031744e-08	-5.190228e+01	-1.199252e+03
2.900000e-07	-8.025956e-10	-1.027858e-08	-5.154355e+01	-1.197408e+03
3.000000e-07	-7.968394e-10	-1.025701e-08	-5.117388e+01	-1.195433e+03
3.100000e-07	-7.908862e-10	-1.022232e-08	-5.079156e+01	-1.193316e+03
3.200000e-07	-7.847221e-10	-1.021270e-08	-5.039570e+01	-1.191047e+03
3.300000e-07	-7.783833e-10	-1.019467e-08	-4.998862e+01	-1.188620e+03
3.400000e-07	-7.718900e-10	-1.018850e-08	-4.957160e+01	-1.186034e+03
3.500000e-07	-7.652494e-10	-1.014577e-08	-4.914514e+01	-1.183292e+03
3.600000e-07	-7.584236e-10	-1.012226e-08	-4.870678e+01	-1.180401e+03
3.700000e-07	-7.513984e-10	-1.011780e-08	-4.825562e+01	-1.177370e+03
3.800000e-07	-7.442047e-10	-1.005611e-08	-4.779363e+01	-1.174212e+03
3.900000e-07	-7.368388e-10	-1.003415e-08	-4.732058e+01	-1.170941e+03
4.000000e-07	-7.292905e-10	-1.002267e-08	-4.683583e+01	-1.167571e+03
4.100000e-07	-7.215565e-10	-9.991160e-09	-4.633914e+01	-1.164114e+03
4.200000e-07	-7.136433e-10	-9.968551e-09	-4.583095e+01	-1.160581e+03
4.300000e-07	-7.055665e-10	-9.927007e-09	-4.531225e+01	-1.156980e+03
4.400000e-07	-6.973317e-10	-9.894062e-09	-4.478340e+01	-1.153315e+03
4.500000e-07	-6.889452e-10	-9.859275e-09	-4.424481e+01	-1.149584e+03
4.600000e-07	-6.804107e-10	-9.831973e-09	-4.369672e+01	-1.145784e+03
4.700000e-07	-6.717395e-10	-9.795847e-09	-4.313984e+01	-1.141906e+03
4.800000e-07	-6.629398e-10	-9.756430e-09	-4.257471e+01	-1.137937e+03
4.900000e-07	-6.540014e-10	-9.730230e-09	-4.200068e+01	-1.133861e+03
5.000000e-07	-6.449106e-10	-9.690732e-09	-4.141686e+01	-1.129661e+03
5.100000e-07	-6.356665e-10	-9.649675e-09	-4.082319e+01	-1.125320e+03
5.200000e-07	-6.262897e-10	-9.598028e-09	-4.022101e+01	-1.120821e+03
5.300000e-07	-6.167944e-10	-9.558420e-09	-3.961121e+01	-1.116148e+03
5.400000e-07	-6.071616e-10	-9.525250e-09	-3.899258e+01	-1.111288e+03
5.500000e-07	-5.973785e-10	-9.481275e-09	-3.836430e+01	-1.106233e+03
5.600000e-07	-5.874599e-10	-9.432494e-09	-3.772732e+01	-1.100976e+03
5.700000e-07	-5.774129e-10	-9.384830e-09	-3.708209e+01	-1.095515e+03
5.800000e-07	-5.672410e-10	-9.345124e-09	-3.642884e+01	-1.089854e+03
5.900000e-07	-5.569496e-10	-9.294403e-09	-3.576791e+01	-1.083997e+03
6.000000e-07	-5.465353e-10	-9.237873e-09	-3.509909e+01	-1.077952e+03
6.100000e-07	-5.359948e-10	-9.178502e-09	-3.442217e+01	-1.071727e+03
6.200000e-07	-5.253309e-10	-9.126003e-09	-3.373733e+01	-1.065330e+03
6.300000e-07	-5.145408e-10	-9.078473e-09	-3.304438e+01	-1.058767e+03
6.400000e-07	-5.036289e-10	-9.021771e-09	-3.234360e+01	-1.052044e+03
6.500000e-07	-4.926163e-10	-8.958624e-09	-3.163636e+01	-1.045161e+03
6.600000e-07	-4.815031e-10	-8.897339e-09	-3.092266e+01	-1.038112e+03
6.700000e-07	-4.702741e-10	-8.839256e-09	-3.020152e+01	-1.030889e+03
6.800000e-07	-4.589237e-10	-8.771266e-09	-2.947259e+01	-1.023477e+03
6.900000e-07	-4.474627e-10	-8.696316e-09	-2.873655e+01	-1.015856e+03
7.000000e-07	-4.358955e-10	-8.622720e-09	-2.799370e+01	-1.008002e+03
7.100000e-07	-4.242155e-10	-8.555241e-09	-2.724359e+01	-9.998878e+02
7.200000e-07	-4.124291e-10	-8.487262e-09	-2.648666e+01	-9.914835e+02
7.300000e-07	-4.005500e-10	-8.410813e-09	-2.572377e+01	-9.827582e+02
7.400000e-07	-3.885826e-10	-8.327676e-09	-2.495521e+01	-9.736820e+02
7.500000e-07	-3.765227e-10	-8.244959e-09	-2.418071e+01	-9.642263e+02
7.600000e-07	-3.643747e-10	-8.162588e-09	-2.340055e+01	-9.543660e+02
7.700000e-07	-3.521474e-10	-8.072080e-09	-2.261530e+01	-9.440795e+02
7.800000e-07	-3.398445e-10	-7.973732e-09	-2.182520e+01	-9.333495e+02
7.900000e-07	-3.274677e-10	-7.875518e-09	-2.103035e+01	-9.221630e+02
8.000000e-07	-3.150138e-10	-7.782018e-09	-2.023055e+01	-9.105108e+02
8.100000e-07	-3.024844e-10	-7.682568e-09	-1.942589e+01	-8.983863e+02
8.200000e-07	-2.898899e-10	-7.571940e-09	-1.861706e+01	-8.857843e+02
8.300000e-07	-2.772428e-10	-7.456321e-09	-1.780485e+01	-8.726988e+02
8.400000e-07	-2.645469e-10	-7.342356e-09	-1.698950e+01	-8.591212e+02
8.500000e-07	-2.517950e-10	-7.226775e-09	-1.617056e+01	-8.450379e+02
8.600000e-07	-2.389823e-10	-7.100747e-09	-1.534772e+01	-8.304277e+02
8.700000e-07	-2.261131e-10	-6.964581e-09	-1.452124e+01	-8.152602e+02
8.800000e-07	-2.131967e-10	-6.824135e-09	-1.369174e+01	-7.994933e+02
8.900000e-07	-2.002384e-10	-6.681941e-09	-1.285955e+01	-7.830722e+02
9.000000e-07	-1.872394e-10	-6.532389e-09	-1.202473e+01	-7.659283e+02
9.100000e-07	-1.742004e-10	-6.372186e-09	-1.118736e+01	-7.479792e+02
9.200000e-07	-1.611265e-10	-6.201986e-09	-1.034774e+01	-7.291290e+02
9.300000e-07	-1.480219e-10	-6.026625e-09	-9.506146e+00	-7.092698e+02
9.400000e-07	-1.348845e-10	-5.845251e-09	-8.662446e+00	-6.882837e+02
9.500000e-07	-1.217145e-10	-5.651280e-09	-7.816655e+00	-6.660454e+02
9.600000e-07	-1.085172e-10	-5.442084e-09	-6.969110e+00	-6.424257e+02
9.700000e-07	-9.529528e-11	-5.221874e-09	-6.119987e+00	-6.172954e+02
9.800000e-07	-8.204878e-11	-4.994402e-09	-5.269283e+00	-5.905294e+02
9.900000e-07	-6.877659e-11	-4.755020e-09	-4.416929e+00	-5.620112e+02
1.000000e-06	-5.548327e-11	-4.498085e-09	-3.563218e+00	-5.316373e+02
1.010000e-06	-4.217842e-11	-4.223762e-09	-2.708765e+00	-4.993213e+02
1.020000e-06	-2.886486e-11	-3.935570e-09	-1.853754e+00	-4.649985e+02
1.030000e-06	-1.554213e-11	-3.629841e-09	-9.981538e-01	-4.286288e+02
1.040000e-06	-2.212353e-12	-3.301604e-09	-1.421010e-01	-3.902001e+02
1.050000e-06	1.112094e-11	-2.949229e-09	7.141780e-01	-3.497303e+02
1.060000e-06	2.445163e-11	-2.576347e-09	1.570290e+00	-3.072693e+02
1.070000e-06	3.777638e-11	-2.187406e-09	2.426020e+00	-2.628991e+02
1.080000e-06	5.109576e-11	-1.782805e-09	3.281405e+00	-2.167344e+02
1.090000e-06	6.440329e-11	-1.363075e-09	4.136029e+00	-1.689213e+02
1.100000e-06	7.769267e-11	-9.315571e-10	4.989487e+00	-1.196358e+02
1.110000e-06	9.096294e-11	-4.929787e-10	5.841718e+00	-6.908115e+01
1.120000e-06	1.042121e-10	-4.930576e-11	6.692593e+00	-1.748535e+01
1.130000e-06	1.174343e-10	4.008023e-10	7.541738e+00	3.490301e+01
1.140000e-06	1.306242e-10	8.566770e-10	8.388808e+00	8.781856e+01
1.150000e-06	1.437787e-10	1.312275e-09	9.233601e+00	1.409837e+02
1.160000e-06	1.568965e-10	1.761528e-09	1.007604e+01	1.941135e+02
1.170000e-06	1.699823e-10	2.201969e-09	1.091643e+01	2.469204e+02
1.180000e-06	1.830346e-10	2.636255e-09	1.175466e+01	2.991192e+02
1.190000e-06	1.960450e-10	3.065560e-09	1.259020e+01	3.504324e+02
1.200000e-06	2.090094e-10	3.484826e-09	1.342279e+01	4.005946e+02
1.210000e-06	2.219256e-10	3.892936e-09	1.425228e+01	4.493573e+02
1.220000e-06	2.347899e-10	4.292066e-09	1.507844e+01	4.964931e+02
1.230000e-06	2.475987e-10	4.683612e-09	1.590103e+01	5.417995e+02
1.240000e-06	2.603469e-10	5.063686e-09	1.671974e+01	5.851022e+02
1.250000e-06	2.730350e-10	5.428360e-09	1.753458e+01	6.262575e+02
1.260000e-06	2.856695e-10	5.776332e-09	1.834598e+01	6.651548e+02
1.270000e-06	2.982501e-10	6.105506e-09	1.915392e+01	7.017172e+02
1.280000e-06	3.107673e-10	6.407547e-09	1.995779e+01	7.359024e+02
1.290000e-06	3.232086e-10	6.677569e-09	2.075679e+01	7.677022e+02
1.300000e-06	3.355697e-10	6.920303e-09	2.155063e+01	7.971410e+02
1.310000e-06	3.478548e-10	7.139559e-09	2.233959e+01	8.242742e+02
1.320000e-06	3.600681e-10	7.339567e-09	2.312394e+01	8.491852e+02
1.330000e-06	3.722027e-10	7.522745e-09	2.390324e+01	8.719822e+02
1.340000e-06	3.842485e-10	7.690433e-09	2.467683e+01	8.927939e+02
1.350000e-06	3.962034e-10	7.845096e-09	2.544459e+01	9.117654e+02
1.360000e-06	4.080703e-10	7.991028e-09	2.620669e+01	9.290535e+02
1.370000e-06	4.198503e-10	8.126728e-09	2.696322e+01	9.448216e+02
1.380000e-06	4.315313e-10	8.248275e-09	2.771338e+01	9.592354e+02
1.390000e-06	4.431011e-10	8.358863e-09	2.845641e+01	9.724578e+02
1.400000e-06	4.545611e-10	8.463330e-09	2.919238e+01	9.846453e+02
1.410000e-06	4.659142e-10	8.563952e-09	2.992149e+01	9.959439e+02
1.420000e-06	4.771580e-10	8.659694e-09	3.064358e+01	1.006487e+03
1.430000e-06	4.882937e-10	8.748895e-09	3.135873e+01	1.016391e+03
1.440000e-06	4.993323e-10	8.832124e-09	3.206764e+01	1.025756e+03
1.450000e-06	5.102760e-10	8.910657e-09	3.277046e+01	1.034667e+03
1.460000e-06	5.211094e-10	8.983893e-09	3.346618e+01	1.043187e+03
1.470000e-06	5.318213e-10	9.051907e-09	3.415411e+01	1.051367e+03
1.480000e-06	5.424149e-10	9.117590e-09	3.483445e+01	1.059240e+03
1.490000e-06	5.528835e-10	9.182518e-09	3.550675e+01	1.066827e+03
1.500000e-06	5.632209e-10	9.245900e-09	3.617063e+01	1.074140e+03
1.510000e-06	5.734365e-10	9.305289e-09	3.682669e+01	1.081180e+03
1.520000e-06	5.835284e-10	9.358328e-09	3.747480e+01	1.087947e+03
1.530000e-06	5.934812e-10	9.407321e-09	3.811398e+01	1.094435e+03
1.540000e-06	6.032923e-10	9.455923e-09	3.874406e+01	1.100640e+03
1.550000e-06	6.129608e-10	9.502917e-09	3.936498e+01	1.106558e+03
1.560000e-06	6.224882e-10	9.546435e-09	3.997684e+01	1.112190e+03
1.570000e-06	6.318868e-10	9.588365e-09	4.058043e+01	1.117541e+03
1.580000e-06	6.411551e-10	9.633494e-09	4.117565e+01	1.122619e+03
1.590000e-06	6.502800e-10	9.679685e-09	4.176166e+01	1.127439e+03
1.600000e-06	6.592519e-10	9.721855e-09	4.233784e+01	1.132018e+03
1.610000e-06	6.680686e-10	9.757716e-09	4.290406e+01	1.136379e+03
1.620000e-06	6.767386e-10	9.789452e-09	4.346086e+01	1.140545e+03
1.630000e-06	6.852724e-10	9.821291e-09	4.400891e+01	1.144540e+03
1.640000e-06	6.936634e-10	9.852593e-09	4.454779e+01	1.148389e+03
1.650000e-06	7.019020e-10	9.883322e-09	4.507688e+01	1.152112e+03
1.660000e-06	7.099800e-10	9.913176e-09	4.559566e+01	1.155730e+03
1.670000e-06	7.178952e-10	9.944889e-09	4.610398e+01	1.159257e+03
1.680000e-06	7.256507e-10	9.976273e-09	4.660205e+01	1.162704e+03
1.690000e-06	7.332355e-10	1.000508e-08	4.708915e+01	1.166077e+03
1.700000e-06	7.406410e-10	1.003012e-08	4.756474e+01	1.169378e+03
1.710000e-06	7.478724e-10	1.005421e-08	4.802915e+01	1.172603e+03
1.720000e-06	7.549412e-10	1.008067e-08	4.848312e+01	1.175748e+03
1.730000e-06	7.618538e-10	1.010483e-08	4.892705e+01	1.178804e+03
1.740000e-06	7.685999e-10	1.012575e-08	4.936030e+01	1.181761e+03
1.750000e-06	7.751673e-10	1.014430e-08	4.978206e+01	1.184611e+03
1.760000e-06	7.815609e-10	1.016404e-08	5.019266e+01	1.187345e+03
1.770000e-06	7.877949e-10	1.018598e-08	5.059302e+01	1.189957e+03
1.780000e-06	7.938738e-10	1.020826e-08	5.098341e+01	1.192442e+03
1.790000e-06	7.997826e-10	1.022926e-08	5.136288e+01	1.194800e+03
1.800000e-06	8.055040e-10	1.025071e-08	5.173031e+01	1.197033e+03
1.810000e-06	8.110422e-10	1.027252e-08	5.208599e+01	1.199146e+03
1.820000e-06	8.163955e-10	1.029007e-08	5.242978e+01	1.201148e+03
1.830000e-06	8.215354e-10	1.030181e-08	5.275987e+01	1.203048e+03
1.840000e-06	8.264597e-10	1.031133e-08	5.307611e+01	1.204858e+03
1.850000e-06	8.311969e-10	1.032357e-08	5.338034e+01	1.206589e+03
1.860000e-06	8.357647e-10	1.033992e-08	5.367369e+01	1.208253e+03
1.870000e-06	8.401581e-10	1.035757e-08	5.395584e+01	1.209858e+03
1.880000e-06	8.443534e-10	1.037390e-08	5.422527e+01	1.211413e+03
1.890000e-06	8.483552e-10	1.038923e-08	5.448226e+01	1.212921e+03
1.900000e-06	8.521815e-10	1.040206e-08	5.472800e+01	1.214386e+03
1.910000e-06	8.558307e-10	1.041132e-08	5.496235e+01	1.215805e+03
1.920000e-06	8.592837e-10	1.041764e-08	5.518410e+01	1.217175e+03
1.930000e-06	8.625356e-10	1.042367e-08	5.539295e+01	1.218489e+03
1.940000e-06	8.656062e-10	1.043356e-08	5.559014e+01	1.219740e+03
1.950000e-06	8.685024e-10	1.044304e-08	5.577614e+01	1.220919e+03
1.960000e-06	8.712010e-10	1.045129e-08	5.594945e+01	1.222017e+03
1.970000e-06	8.736845e-10	1.045893e-08	5.610894e+01	1.223026e+03
1.980000e-06	8.759746e-10	1.046983e-08	5.625602e+01	1.223939e+03
1.990000e-06	8.780909e-10	1.048107e-08	5.639193e+01	1.224751e+03
2.000000e-06	8.800219e-10	1.048856e-08	5.651594e+01	1.225460e+03
2.010000e-06	8.817488e-10	1.049455e-08	5.662684e+01	1.226066e+03
2.020000e-06	8.832716e-10	1.049813e-08	5.672464e+01	1.226574e+03
2.030000e-06	8.845916e-10	1.050010e-08	5.680941e+01	1.226987e+03
2.040000e-06	8.856896e-10	1.049993e-08	5.687992e+01	1.227313e+03
2.050000e-06	8.865723e-10	1.050096e-08	5.693661e+01	1.227560e+03
2.060000e-06	8.872658e-10	1.050476e-08	5.698115e+01	1.227737e+03
2.070000e-06	8.877788e-10	1.051217e-08	5.701410e+01	1.227853e+03
2.080000e-06	8.880958e-10	1.052006e-08	5.703445e+01	1.227914e+03
2.090000e-06	8.882055e-10	1.052369e-08	5.704150e+01	1.227926e+03
2.100000e-06	8.881295e-10	1.052454e-08	5.703662e+01	1.227892e+03
2.110000e-06	8.878862e-10	1.052391e-08	5.702100e+01	1.227814e+03
2.120000e-06	8.874679e-10	1.051791e-08	5.699413e+01	1.227690e+03
2.130000e-06	8.868506e-10	1.051254e-08	5.695449e+01	1.227517e+03
2.140000e-06	8.860482e-10	1.050922e-08	5.690296e+01	1.227287e+03
2.150000e-06	8.850758e-10	1.050585e-08	5.684051e+01	1.226995e+03
2.160000e-06	8.838980e-10	1.050492e-08	5.676487e+01	1.226633e+03
2.170000e-06	8.825058e-10	1.050967e-08	5.667547e+01	1.226193e+03
2.180000e-06	8.809453e-10	1.052373e-08	5.657525e+01	1.225669e+03
2.190000e-06	8.791909e-10	1.047727e-08	5.646258e+01	1.225055e+03
2.200000e-06	8.771293e-10	1.042018e-08	5.633018e+01	1.224349e+03
2.210000e-06	8.747552e-10	1.045308e-08	5.617772e+01	1.223550e+03
2.220000e-06	8.721751e-10	1.045516e-08	5.601201e+01	1.222662e+03
2.230000e-06	8.695163e-10	1.051235e-08	5.584126e+01	1.221689e+03
2.240000e-06	8.668311e-10	1.052021e-08	5.566882e+01	1.220638e+03
2.250000e-06	8.639123e-10	1.037396e-08	5.548137e+01	1.219520e+03
2.260000e-06	8.607491e-10	1.047040e-08	5.527823e+01	1.218343e+03
2.270000e-06	8.575130e-10	1.046822e-08	5.507040e+01	1.217118e+03
2.280000e-06	8.540286e-10	1.028556e-08	5.484663e+01	1.215855e+03
2.290000e-06	8.503139e-10	1.038848e-08	5.460807e+01	1.214560e+03
2.300000e-06	8.464656e-10	1.033825e-08	5.436093e+01	1.213240e+03
2.310000e-06	8.423413e-10	1.022132e-08	5.409606e+01	1.211895e+03
2.320000e-06	8.380790e-10	1.034818e-08	5.382233e+01	1.210523e+03
2.330000e-06	8.337091e-10	1.026197e-08	5.354169e+01	1.209120e+03
2.340000e-06	8.291011e-10	1.025610e-08	5.324576e+01	1.207676e+03
2.350000e-06	8.243394e-10	1.032865e-08	5.293996e+01	1.206179e+03
2.360000e-06	8.193222e-10	1.020378e-08	5.261775e+01	1.204613e+03
2.370000e-06	8.140670e-10	1.027808e-08	5.228026e+01	1.202964e+03
2.380000e-06	8.086790e-10	1.024693e-08	5.193423e+01	1.201212e+03
2.390000e-06	8.030417e-10	1.018032e-08	5.157220e+01	1.199343e+03
2.400000e-06	7.972440e-10	1.025084e-08	5.119986e+01	1.197341e+03
2.410000e-06	7.912943e-10	1.016343e-08	5.081777e+01	1.195194e+03
2.420000e-06	7.851476e-10	1.016319e-08	5.042302e+01	1.192894e+03
2.430000e-06	7.788373e-10	1.013640e-08	5.001777e+01	1.190436e+03
2.440000e-06	7.722917e-10	1.011061e-08	4.959740e+01	1.187819e+03
2.450000e-06	7.655875e-10	1.011589e-08	4.916686e+01	1.185046e+03
2.460000e-06	7.587132e-10	1.003870e-08	4.872538e+01	1.182127e+03
2.470000e-06	7.516440e-10	1.009179e-08	4.827139e+01	1.179070e+03
2.480000e-06	7.444376e-10	1.002858e-08	4.780859e+01	1.175888e+03
2.490000e-06	7.370362e-10	9.977462e-09	4.733326e+01	1.172596e+03
2.500000e-06	7.294845e-10	9.978674e-09	4.684828e+01	1.169208e+03
2.510000e-06	7.217457e-10	9.910413e-09	4.635129e+01	1.165735e+03
2.520000e-06	7.137983e-10	9.928934e-09	4.584090e+01	1.162188e+03
2.530000e-06	7.057033e-10	9.874532e-09	4.532103e+01	1.158574e+03
2.540000e-06	6.974577e-10	9.853933e-09	4.479148e+01	1.154896e+03
2.550000e-06	6.891022e-10	9.826065e-09	4.425489e+01	1.151153e+03
2.560000e-06	6.805837e-10	9.779085e-09	4.370782e+01	1.147338e+03
2.570000e-06	6.718875e-10	9.766657e-09	4.314934e+01	1.143443e+03
2.580000e-06	6.630455e-10	9.699270e-09	4.258150e+01	1.139453e+03
2.590000e-06	6.540628e-10	9.678318e-09	4.200462e+01	1.135354e+03
2.600000e-06	6.449574e-10	9.636718e-09	4.141986e+01	1.131128e+03
2.610000e-06	6.356937e-10	9.612822e-09	4.082494e+01	1.126757e+03
2.620000e-06	6.262897e-10	9.575783e-09	4.022101e+01	1.122225e+03
2.630000e-06	6.167540e-10	9.520296e-09	3.960861e+01	1.117516e+03
2.640000e-06	6.070887e-10	9.492914e-09	3.898789e+01	1.112618e+03
2.650000e-06	5.972991e-10	9.441989e-09	3.835920e+01	1.107523e+03
2.660000e-06	5.873609e-10	9.402932e-09	3.772095e+01	1.102225e+03
2.670000e-06	5.772884e-10	9.345168e-09	3.707409e+01	1.096725e+03
2.680000e-06	5.670853e-10	9.302081e-09	3.641883e+01	1.091025e+03
2.690000e-06	5.567560e-10	9.257599e-09	3.575548e+01	1.085130e+03
2.700000e-06	5.463023e-10	9.211192e-09	3.508413e+01	1.079048e+03
2.710000e-06	5.357309e-10	9.164018e-09	3.440522e+01	1.072788e+03
2.720000e-06	5.250496e-10	9.104427e-09	3.371925e+01	1.066358e+03
2.730000e-06	5.142569e-10	9.056934e-09	3.302614e+01	1.059763e+03
2.740000e-06	5.033527e-10	9.001405e-09	3.232586e+01	1.053009e+03
2.750000e-06	4.923224e-10	8.943377e-09	3.161748e+01	1.046093e+03
2.760000e-06	4.811728e-10	8.874287e-09	3.090144e+01	1.039010e+03
2.770000e-06	4.699124e-10	8.810684e-09	3.017829e+01	1.031751e+03
2.780000e-06	4.585382e-10	8.749684e-09	2.944783e+01	1.024299e+03
2.790000e-06	4.470433e-10	8.685946e-09	2.870961e+01	1.016634e+03
2.800000e-06	4.354313e-10	8.618837e-09	2.796388e+01	1.008731e+03
2.810000e-06	4.237153e-10	8.545705e-09	2.721147e+01	1.000562e+03
2.820000e-06	4.118983e-10	8.476256e-09	2.645257e+01	9.920968e+02
2.830000e-06	3.999781e-10	8.403413e-09	2.568704e+01	9.833044e+02
2.840000e-06	3.879616e-10	8.324491e-09	2.491532e+01	9.741552e+02
2.850000e-06	3.758678e-10	8.238256e-09	2.413864e+01	9.646214e+02
2.860000e-06	3.637026e-10	8.154243e-09	2.335739e+01	9.546783e+02
2.870000e-06	3.514597e-10	8.073002e-09	2.257113e+01	9.443052e+02
2.880000e-06	3.391321e-10	7.987616e-09	2.177944e+01	9.334858e+02
2.890000e-06	3.267266e-10	7.891708e-09	2.098274e+01	9.222078e+02
2.900000e-06	3.142554e-10	7.790587e-09	2.018183e+01	9.104626e+02
2.910000e-06	3.017207e-10	7.691357e-09	1.937684e+01	8.982440e+02
2.920000e-06	2.891180e-10	7.589391e-09	1.856748e+01	8.855468e+02
2.930000e-06	2.764465e-10	7.478335e-09	1.775371e+01	8.723647e+02
2.940000e-06	2.637119e-10	7.360398e-09	1.693588e+01	8.586884e+02
2.950000e-06	2.509200e-10	7.244020e-09	1.611437e+01	8.445027e+02
2.960000e-06	2.380775e-10	7.124827e-09	1.528961e+01	8.297851e+02
2.970000e-06	2.251897e-10	6.995307e-09	1.446194e+01	8.145027e+02
2.980000e-06	2.122610e-10	6.854084e-09	1.363164e+01	7.986112e+02
2.990000e-06	1.992960e-10	6.708346e-09	1.279901e+01	7.820529e+02
3.000000e-06	1.862945e-10	6.560665e-09	1.196404e+01	7.647567e+02
3.010000e-06	1.732498e-10	6.406312e-09	1.112630e+01	7.466374e+02
3.020000e-06	1.601592e-10	6.241024e-09	1.028561e+01	7.275965e+02
3.030000e-06	1.470306e-10	6.064888e-09	9.442473e+00	7.075240e+02
3.040000e-06	1.338730e-10	5.882832e-09	8.597482e+00	6.863003e+02
3.050000e-06	1.206881e-10	5.691744e-09	7.750736e+00	6.637991e+02
3.060000e-06	1.074731e-10	5.489100e-09	6.902051e+00	6.398908e+02
3.070000e-06	9.423381e-11	5.273653e-09	6.051812e+00	6.144467e+02
3.080000e-06	8.097603e-11	5.044792e-09	5.200383e+00	5.873430e+02
3.090000e-06	6.769944e-11	4.805091e-09	4.347747e+00	5.584655e+02
3.100000e-06	5.440571e-11	4.552125e-09	3.494010e+00	5.277137e+02
3.110000e-06	4.110096e-11	4.281157e-09	2.639565e+00	4.950052e+02
3.120000e-06	2.778985e-11	3.990010e-09	1.784712e+00	4.602799e+02
3.130000e-06	1.447460e-11	3.681312e-09	9.295927e-01	4.235031e+02
3.140000e-06	1.154672e-12	3.354932e-09	7.417292e-02	3.846683e+02
3.150000e-06	-1.217082e-11	3.008146e-09	-7.816041e-01	3.437998e+02
3.160000e-06	-2.549584e-11	2.639619e-09	-1.637351e+00	3.009537e+02
3.170000e-06	-3.881212e-11	2.251402e-09	-2.492536e+00	2.562186e+02
3.180000e-06	-5.211758e-11	1.847411e-09	-3.347027e+00	2.097154e+02
3.190000e-06	-6.541312e-11	1.427945e-09	-4.200880e+00	1.615963e+02
3.200000e-06	-7.869587e-11	9.943978e-10	-5.053912e+00	1.120429e+02
3.210000e-06	-9.196003e-11	5.507508e-10	-5.905750e+00	6.126371e+01
3.220000e-06	-1.052023e-10	1.034819e-10	-6.756183e+00	9.490937e+00
3.230000e-06	-1.184209e-10	-3.443129e-10	-7.605096e+00	-4.302310e+01
3.240000e-06	-1.316122e-10	-7.937837e-10	-8.452250e+00	-9.601027e+01
3.250000e-06	-1.447729e-10	-1.246379e-09	-9.297445e+00	-1.491912e+02
3.260000e-06	-1.578978e-10	-1.699147e-09	-1.014034e+01	-2.022798e+02
3.270000e-06	-1.709817e-10	-2.145785e-09	-1.098060e+01	-2.549888e+02
3.280000e-06	-1.840232e-10	-2.583495e-09	-1.181814e+01	-3.070342e+02
3.290000e-06	-1.970185e-10	-3.012405e-09	-1.265271e+01	-3.581404e+02
3.300000e-06	-2.099666e-10	-3.430396e-09	-1.348425e+01	-4.080449e+02
3.310000e-06	-2.228724e-10	-3.835316e-09	-1.431308e+01	-4.565032e+02
3.320000e-06	-2.357390e-10	-4.228923e-09	-1.513939e+01	-5.032925e+02
3.330000e-06	-2.485624e-10	-4.614189e-09	-1.596292e+01	-5.482156e+02
3.340000e-06	-2.613333e-10	-4.994627e-09	-1.678309e+01	-5.911041e+02
3.350000e-06	-2.740421e-10	-5.365045e-09	-1.759925e+01	-6.318207e+02
3.360000e-06	-2.866801e-10	-5.717450e-09	-1.841088e+01	-6.702613e+02
3.370000e-06	-2.992480e-10	-6.044051e-09	-1.921800e+01	-7.063560e+02
3.380000e-06	-3.117510e-10	-6.342969e-09	-2.002096e+01	-7.400693e+02
3.390000e-06	-3.241879e-10	-6.613278e-09	-2.081968e+01	-7.713993e+02
3.400000e-06	-3.365522e-10	-6.856320e-09	-2.161372e+01	-8.003770e+02
3.410000e-06	-3.488351e-10	-7.078841e-09	-2.240254e+01	-8.270635e+02
3.420000e-06	-3.610334e-10	-7.282891e-09	-2.318593e+01	-8.515473e+02
3.430000e-06	-3.731512e-10	-7.469456e-09	-2.396415e+01	-8.739411e+02
3.440000e-06	-3.851931e-10	-7.636217e-09	-2.473749e+01	-8.943771e+02
3.450000e-06	-3.971503e-10	-7.786804e-09	-2.550540e+01	-9.130032e+02
3.460000e-06	-4.090102e-10	-7.927432e-09	-2.626705e+01	-9.299778e+02
3.470000e-06	-4.207705e-10	-8.063942e-09	-2.702231e+01	-9.454651e+02
3.480000e-06	-4.324321e-10	-8.192800e-09	-2.777123e+01	-9.596307e+02
3.490000e-06	-4.439889e-10	-8.310221e-09	-2.851342e+01	-9.726365e+02
3.500000e-06	-4.554320e-10	-8.416982e-09	-2.924831e+01	-9.846371e+02
3.510000e-06	-4.667567e-10	-8.517637e-09	-2.997559e+01	-9.957763e+02
3.520000e-06	-4.779651e-10	-8.612265e-09	-3.069541e+01	-1.006184e+03
3.530000e-06	-4.890587e-10	-8.697408e-09	-3.140785e+01	-1.015974e+03
3.540000e-06	-5.000341e-10	-8.777226e-09	-3.211270e+01	-1.025244e+03
3.550000e-06	-5.108971e-10	-8.855525e-09	-3.281033e+01	-1.034073e+03
3.560000e-06	-5.216581e-10	-8.933517e-09	-3.350142e+01	-1.042523e+03
3.570000e-06	-5.323149e-10	-9.007566e-09	-3.418581e+01	-1.050640e+03
3.580000e-06	-5.428617e-10	-9.072351e-09	-3.486314e+01	-1.058455e+03
3.590000e-06	-5.532948e-10	-9.130724e-09	-3.553316e+01	-1.065987e+03
3.600000e-06	-5.635991e-10	-9.188145e-09	-3.619491e+01	-1.073246e+03
3.610000e-06	-5.737662e-10	-9.245851e-09	-3.684786e+01	-1.080233e+03
3.620000e-06	-5.838006e-10	-9.303843e-09	-3.749228e+01	-1.086945e+03
3.630000e-06	-5.937010e-10	-9.359833e-09	-3.812809e+01	-1.093378e+03
3.640000e-06	-6.034720e-10	-9.414832e-09	-3.875559e+01	-1.099526e+03
3.650000e-06	-6.131217e-10	-9.468544e-09	-3.937531e+01	-1.105387e+03
3.660000e-06	-6.226408e-10	-9.518734e-09	-3.998663e+01	-1.110963e+03
3.670000e-06	-6.320171e-10	-9.562538e-09	-4.058879e+01	-1.116259e+03
3.680000e-06	-6.412494e-10	-9.604333e-09	-4.118170e+01	-1.121285e+03
3.690000e-06	-6.503371e-10	-9.645845e-09	-4.176533e+01	-1.126056e+03
3.700000e-06	-6.592844e-10	-9.689191e-09	-4.233993e+01	-1.130591e+03
3.710000e-06	-6.680919e-10	-9.731743e-09	-4.290555e+01	-1.134911e+03
3.720000e-06	-6.767478e-10	-9.772573e-09	-4.346145e+01	-1.139041e+03
3.730000e-06	-6.852454e-10	-9.812661e-09	-4.400717e+01	-1.143006e+03
3.740000e-06	-6.935881e-10	-9.849322e-09	-4.454295e+01	-1.146828e+03
3.750000e-06	-7.017838e-10	-9.882509e-09	-4.506929e+01	-1.150529e+03
3.760000e-06	-7.098373e-10	-9.911783e-09	-4.558650e+01	-1.154128e+03
3.770000e-06	-7.177377e-10	-9.941665e-09	-4.609386e+01	-1.157639e+03
3.780000e-06	-7.254658e-10	-9.972225e-09	-4.659017e+01	-1.161071e+03
3.790000e-06	-7.330113e-10	-1.000566e-08	-4.707475e+01	-1.164430e+03
3.800000e-06	-7.403826e-10	-1.003810e-08	-4.754814e+01	-1.167716e+03
3.810000e-06	-7.475955e-10	-1.006692e-08	-4.801137e+01	-1.170926e+03
3.820000e-06	-7.546440e-10	-1.009467e-08	-4.846402e+01	-1.174054e+03
3.830000e-06	-7.615137e-10	-1.012042e-08	-4.890521e+01	-1.177091e+03
3.840000e-06	-7.682087e-10	-1.014501e-08	-4.933517e+01	-1.180028e+03
3.850000e-06	-7.747421e-10	-1.016806e-08	-4.975475e+01	-1.182856e+03
3.860000e-06	-7.811173e-10	-1.018998e-08	-5.016417e+01	-1.185566e+03
3.870000e-06	-7.873191e-10	-1.021213e-08	-5.056246e+01	-1.188153e+03
3.880000e-06	-7.933322e-10	-1.023551e-08	-5.094863e+01	-1.190613e+03
3.890000e-06	-7.991673e-10	-1.025636e-08	-5.132336e+01	-1.192946e+03
3.900000e-06	-8.048418e-10	-1.027516e-08	-5.168779e+01	-1.195155e+03
3.910000e-06	-8.103479e-10	-1.029500e-08	-5.204139e+01	-1.197245e+03
3.920000e-06	-8.156507e-10	-1.031582e-08	-5.238194e+01	-1.199226e+03
3.930000e-06	-8.207364e-10	-1.033611e-08	-5.270855e+01	-1.201108e+03
3.940000e-06	-8.256115e-10	-1.035191e-08	-5.302163e+01	-1.202901e+03
3.950000e-06	-8.302799e-10	-1.036518e-08	-5.332145e+01	-1.204618e+03
3.960000e-06	-8.347662e-10	-1.037850e-08	-5.360956e+01	-1.206270e+03
3.970000e-06	-8.390910e-10	-1.039150e-08	-5.388730e+01	-1.207865e+03
3.980000e-06	-8.432522e-10	-1.040476e-08	-5.415454e+01	-1.209410e+03
3.990000e-06	-8.472460e-10	-1.041868e-08	-5.441103e+01	-1.210910e+03
4.000000e-06	-8.510565e-10	-1.043436e-08	-5.465574e+01	-1.212365e+03
4.010000e-06	-8.546639e-10	-1.044982e-08	-5.488741e+01	-1.213775e+03
4.020000e-06	-8.580788e-10	-1.046033e-08	-5.510672e+01	-1.215135e+03
4.030000e-06	-8.613156e-10	-1.046750e-08	-5.531459e+01	-1.216438e+03
4.040000e-06	-8.643639e-10	-1.047502e-08	-5.551036e+01	-1.217675e+03
4.050000e-06	-8.672062e-10	-1.048454e-08	-5.569290e+01	-1.218839e+03
4.060000e-06	-8.698521e-10	-1.049301e-08	-5.586282e+01	-1.219920e+03
4.070000e-06	-8.723167e-10	-1.049919e-08	-5.602110e+01	-1.220910e+03
4.080000e-06	-8.745987e-10	-1.050505e-08	-5.616765e+01	-1.221803e+03
4.090000e-06	-8.766776e-10	-1.051073e-08	-5.630116e+01	-1.222595e+03
4.100000e-06	-8.785539e-10	-1.051682e-08	-5.642166e+01	-1.223284e+03
4.110000e-06	-8.802497e-10	-1.052145e-08	-5.653057e+01	-1.223870e+03
4.120000e-06	-8.817597e-10	-1.052639e-08	-5.662754e+01	-1.224359e+03
4.130000e-06	-8.830523e-10	-1.053118e-08	-5.671055e+01	-1.224754e+03
4.140000e-06	-8.841205e-10	-1.053486e-08	-5.677916e+01	-1.225064e+03
4.150000e-06	-8.849932e-10	-1.053646e-08	-5.683520e+01	-1.225297e+03
4.160000e-06	-8.856819e-10	-1.053475e-08	-5.687943e+01	-1.225461e+03
4.170000e-06	-8.861695e-10	-1.053114e-08	-5.691074e+01	-1.225565e+03
4.180000e-06	-8.864569e-10	-1.052789e-08	-5.692920e+01	-1.225616e+03
4.190000e-06	-8.865642e-10	-1.052719e-08	-5.693610e+01	-1.225619e+03
