4.550838e-14
4.695989e-14
4.567262e-14
4.520392e-14
4.659315e-14
4.634626e-14
4.625410e-14
4.584273e-14
4.538036e-14
4.587715e-14
4.708710e-14
4.637061e-14
4.626836e-14
4.653792e-14
4.545930e-14
4.677209e-14
4.647914e-14
4.587908e-14
4.553284e-14
4.642587e-14
4.593087e-14
4.600986e-14
4.679963e-14
4.538715e-14
4.571180e-14
4.644287e-14
4.739181e-14
4.694274e-14
4.620055e-14
4.668689e-14
4.642325e-14
4.623126e-14
4.660059e-14
4.719530e-14
4.640321e-14
4.688720e-14
4.683294e-14
4.727399e-14
4.707261e-14
4.620279e-14
4.649014e-14
4.661610e-14
4.676814e-14
4.724131e-14
4.705099e-14
4.749366e-14
4.574320e-14
4.581491e-14
4.562008e-14
4.520305e-14
4.563149e-14
4.561765e-14
4.531487e-14
4.563464e-14
4.536431e-14
4.648844e-14
4.600536e-14
4.742807e-14
4.681351e-14
4.637922e-14
4.724093e-14
4.694891e-14
4.731886e-14
4.766592e-14
4.770641e-14
4.819654e-14
4.734478e-14
4.752448e-14
4.876197e-14
4.864209e-14
4.814026e-14
4.809620e-14
4.793631e-14
4.899990e-14
4.966181e-14
4.979008e-14
4.861739e-14
4.890002e-14
4.303897e-14
