4.431591e-14
4.502807e-14
4.486584e-14
4.563203e-14
4.583968e-14
4.503718e-14
4.491349e-14
4.549664e-14
4.446411e-14
4.587618e-14
4.626360e-14
4.589974e-14
4.520730e-14
4.548647e-14
4.608920e-14
4.520467e-14
4.600993e-14
4.601604e-14
4.527621e-14
4.530131e-14
4.678498e-14
4.675059e-14
4.637863e-14
4.650698e-14
4.633136e-14
4.750679e-14
4.647795e-14
4.691559e-14
4.628972e-14
4.612625e-14
4.618225e-14
4.770090e-14
4.731698e-14
4.666304e-14
4.691311e-14
4.785968e-14
4.720082e-14
4.795576e-14
4.699690e-14
4.697947e-14
4.748226e-14
4.746581e-14
4.818530e-14
4.746139e-14
4.716046e-14
4.755849e-14
4.806386e-14
4.837978e-14
4.813004e-14
4.786377e-14
4.805493e-14
5.039046e-14
4.921621e-14
4.806612e-14
4.804062e-14
4.808998e-14
4.849019e-14
4.790707e-14
4.896576e-14
4.934430e-14
4.950535e-14
4.862779e-14
4.834292e-14
4.836549e-14
4.946601e-14
4.953843e-14
4.932074e-14
5.022616e-14
4.919311e-14
4.922878e-14
4.995980e-14
4.963781e-14
4.961400e-14
4.954810e-14
4.951771e-14
4.982429e-14
5.091635e-14
5.173681e-14
5.020418e-14
2.274400e-14
